Exception Archive
Fold  0
0 1026192_02_CM.txt 1 1 1 (92, 156) (92, 170) 92 92
1 1016222_02_KH.txt 2 2 2 (122, 156) (122, 170) 122 122
2 1082892_02_CM.txt 3 3 3 (120, 156) (120, 170) 120 120
3 1017522_02_CM.txt 4 4 4 (71, 156) (71, 170) 71 71
4 1083402_02_CM.txt 5 5 5 (60, 156) (60, 170) 60 60
5 1028312_02_CM.txt 6 6 6 (127, 156) (127, 170) 127 127
6 1057362_02_CM.txt 7 7 7 (72, 156) (72, 170) 72 72
7 1059892_02_CM.txt 8 8 8 (161, 156) (161, 170) 161 161
8 1057442_02_CM.txt 9 9 9 (107, 156) (107, 170) 107 107
9 1076262_02_CM.txt 10 10 10 (208, 156) (208, 170) 208 208
10 1047092_02_CM.txt 11 11 11 (66, 156) (66, 170) 66 66
11 1006652_02_CM.txt 12 12 12 (66, 156) (66, 170) 66 66
12 1011312_02_KH.txt 13 13 13 (118, 156) (118, 170) 118 118
13 1030372_02_KH.txt 14 14 14 (120, 156) (120, 170) 120 120
0 1000172_02_KH.txt 1 1 1 (109, 156) (109, 170) 109 109
1 1000322_02_CM.txt 2 2 2 (137, 156) (137, 170) 137 137
2 1001252_02_CM.txt 3 3 3 (120, 156) (120, 170) 120 120
3 1101672_02_CM.txt 4 4 4 (77, 156) (77, 170) 77 77
4 1002932_02_KH.txt 5 5 5 (87, 156) (87, 170) 87 87
5 1004042_02_KH.txt 6 6 6 (124, 156) (124, 170) 124 124
6 1004532_02_CM.txt 7 7 7 (118, 156) (118, 170) 118 118
7 1004952_02_CM.txt 8 8 8 (109, 156) (109, 170) 109 109
8 1105372_02_KH.txt 9 9 9 (145, 156) (145, 170) 145 145
9 1105682_02_CM.txt 10 10 10 (81, 156) (81, 170) 81 81
10 1106092_02_CM.txt 11 11 11 (93, 156) (93, 170) 93 93
11 1006372_02_KH.txt 12 12 12 (104, 156) (104, 170) 104 104
12 1006402_02_KH.txt 13 13 13 (112, 156) (112, 170) 112 112
13 1008122_02_CM.txt 14 14 14 (51, 156) (51, 170) 51 51
14 1008132_02_CM.txt 15 15 15 (154, 156) (154, 170) 154 154
15 1109062_02_KH.txt 16 16 16 (260, 156) (260, 170) 260 260
0 1041762_02_KH.txt 1 1 1 (147, 156) (147, 170) 147 147
1 1013792_02_KH.txt 2 2 2 (209, 156) (209, 170) 209 209
2 1058502_02_CM.txt 3 3 3 (132, 156) (132, 170) 132 132
3 1031142_02_KH.txt 4 4 4 (92, 156) (92, 170) 92 92
4 1095942_02_KH.txt 5 5 5 (273, 156) (273, 170) 273 273
5 1024022_02_KH.txt 6 6 6 (178, 156) (178, 170) 178 178
6 1021332_02_CM.txt 7 7 7 (193, 156) (193, 170) 193 193
7 1047202_02_CM.txt 8 8 8 (40, 156) (40, 170) 40 40
8 1029902_02_KH.txt 9 9 9 (159, 156) (159, 170) 159 159
9 1058422_02_KH.txt 10 10 10 (138, 156) (138, 170) 138 138
10 1026822_02_CM.txt 11 11 11 (94, 156) (94, 170) 94 94
11 1032032_02_KH.txt 12 12 12 (275, 156) (275, 170) 275 275
12 1041482_02_KH.txt 13 13 13 (142, 156) (142, 170) 142 142
13 1026592_02_CM.txt 14 14 14 (132, 156) (132, 170) 132 132
14 1026442_02_CM.txt 15 15 15 (172, 156) (172, 170) 172 172
15 1089792_02_KH.txt 16 16 16 (170, 156) (170, 170) 170 170
16 1039062_02_KH.txt 17 17 17 (158, 156) (158, 170) 158 158
17 1048582_02_CM.txt 18 18 18 (123, 156) (123, 170) 123 123
18 1026532_02_KH.txt 19 19 19 (195, 156) (195, 170) 195 195
19 1082352_02_KH.txt 20 20 20 (142, 156) (142, 170) 142 142
20 1079072_02_CM.txt 21 21 21 (92, 156) (92, 170) 92 92
21 1048132_02_KH.txt 22 22 22 (129, 156) (129, 170) 129 129
22 1021082_02_CM.txt 23 23 23 (110, 156) (110, 170) 110 110
23 1047022_02_CM.txt 24 24 24 (150, 156) (150, 170) 150 150
24 1006782_02_CM.txt 25 25 25 (46, 156) (46, 170) 46 46
25 1076482_02_CM.txt 26 26 26 (94, 156) (94, 170) 94 94
26 1044972_02_KH.txt 27 27 27 (158, 156) (158, 170) 158 158
27 1056312_02_CM.txt 28 28 28 (119, 156) (119, 170) 119 119
28 1026122_02_KH.txt 29 29 29 (95, 156) (95, 170) 95 95
29 1041202_02_CM.txt 30 30 30 (92, 156) (92, 170) 92 92
30 1013732_02_CM.txt 31 31 31 (143, 156) (143, 170) 143 143
31 1011362_02_CM.txt 32 32 32 (143, 156) (143, 170) 143 143
32 1097512_02_KH.txt 33 33 33 (133, 156) (133, 170) 133 133
33 1026182_02_CM.txt 34 34 34 (128, 156) (128, 170) 128 128
34 1020192_02_CM.txt 35 35 35 (222, 156) (222, 170) 222 222
35 1030852_02_CM.txt 36 36 36 (175, 156) (175, 170) 175 175
36 1084092_02_CM.txt 37 37 37 (206, 156) (206, 170) 206 206
37 1107882_02_CM.txt 38 38 38 (130, 156) (130, 170) 130 130
38 1019322_02_KH.txt 39 39 39 (170, 156) (170, 170) 170 170
39 1042972_02_KH.txt 40 40 40 (114, 156) (114, 170) 114 114
40 1021472_02_KH.txt 41 41 41 (156, 156) (156, 170) 156 156
41 1052442_02_KH.txt 42 42 42 (124, 156) (124, 170) 124 124
42 1050392_02_CM.txt 43 43 43 (121, 156) (121, 170) 121 121
43 1071742_02_KH.txt 44 44 44 (93, 156) (93, 170) 93 93
44 1033382_02_KH.txt 45 45 45 (124, 156) (124, 170) 124 124
45 1035422_02_CM.txt 46 46 46 (225, 156) (225, 170) 225 225
46 1049092_02_CM.txt 47 47 47 (197, 156) (197, 170) 197 197
47 1047112_02_CM.txt 48 48 48 (87, 156) (87, 170) 87 87
48 1049042_02_CM.txt 49 49 49 (156, 156) (156, 170) 156 156
49 1010462_02_CM.txt 50 50 50 (186, 156) (186, 170) 186 186
50 1070112_02_KH.txt 51 51 51 (176, 156) (176, 170) 176 176
51 1026502_02_KH.txt 52 52 52 (57, 156) (57, 170) 57 57
52 1042372_02_CM.txt 53 53 53 (64, 156) (64, 170) 64 64
53 1013172_02_CM.txt 54 54 54 (30, 156) (30, 170) 30 30
54 1087502_02_CM.txt 55 55 55 (56, 156) (56, 170) 56 56
55 1007762_02_KH.txt 56 56 56 (140, 156) (140, 170) 140 140
56 1047172_02_CM.txt 57 57 57 (138, 156) (138, 170) 138 138
57 1016322_02_CM.txt 58 58 58 (154, 156) (154, 170) 154 154
58 1047262_02_CM.txt 59 59 59 (99, 156) (99, 170) 99 99
59 1011352_02_KH.txt 60 60 60 (93, 156) (93, 170) 93 93
60 1086032_02_CM.txt 61 61 61 (122, 156) (122, 170) 122 122
61 1041702_02_KH.txt 62 62 62 (130, 156) (130, 170) 130 130
62 1026902_02_KH.txt 63 63 63 (155, 156) (155, 170) 155 155
63 1016272_02_CM.txt 64 64 64 (32, 156) (32, 170) 32 32
65 1026392_02_CM.txt 65 65 65 (100, 156) (100, 170) 100 100
66 1057292_02_KH.txt 66 66 66 (172, 156) (172, 170) 172 172
68 1036792_02_CM.txt 67 67 67 (194, 156) (194, 170) 194 194
69 1045962_02_CM.txt 68 68 68 (100, 156) (100, 170) 100 100
70 1008192_02_CM.txt 69 69 69 (132, 156) (132, 170) 132 132
71 1036282_02_CM.txt 70 70 70 (150, 156) (150, 170) 150 150
72 1028622_02_CM.txt 71 71 71 (156, 156) (156, 170) 156 156
73 1006692_02_CM.txt 72 72 72 (153, 156) (153, 170) 153 153
74 1044882_02_KH.txt 73 73 73 (194, 156) (194, 170) 194 194
75 1092432_02_KH.txt 74 74 74 (170, 156) (170, 170) 170 170
76 1078142_02_KH.txt 75 75 75 (96, 156) (96, 170) 96 96
77 1026292_02_KH.txt 76 76 76 (131, 156) (131, 170) 131 131
78 1020132_02_KH.txt 77 77 77 (140, 156) (140, 170) 140 140
79 1067492_02_CM.txt 78 78 78 (143, 156) (143, 170) 143 143
80 1011412_02_CM.txt 79 79 79 (86, 156) (86, 170) 86 86
81 1019802_02_CM.txt 80 80 80 (155, 156) (155, 170) 155 155
82 1036842_02_KH.txt 81 81 81 (133, 156) (133, 170) 133 133
83 1061792_02_KH.txt 82 82 82 (52, 156) (52, 170) 52 52
84 1010542_02_KH.txt 83 83 83 (203, 156) (203, 170) 203 203
85 1036562_02_CM.txt 84 84 84 (103, 156) (103, 170) 103 103
86 1047102_02_CM.txt 85 85 85 (91, 156) (91, 170) 91 91
87 1007092_02_CM.txt 86 86 86 (144, 156) (144, 170) 144 144
88 1016192_02_CM.txt 87 87 87 (71, 156) (71, 170) 71 71
89 1069702_02_KH.txt 88 88 88 (166, 156) (166, 170) 166 166
90 1057562_02_CM.txt 89 89 89 (95, 156) (95, 170) 95 95
91 1046952_02_CM.txt 90 90 90 (100, 156) (100, 170) 100 100
92 1023162_02_KH.txt 91 91 91 (162, 156) (162, 170) 162 162
93 1029722_02_KH.txt 92 92 92 (179, 156) (179, 170) 179 179
94 1026162_02_KH.txt 93 93 93 (128, 156) (128, 170) 128 128
95 1012472_02_CM.txt 94 94 94 (80, 156) (80, 170) 80 80
96 1075962_02_CM.txt 95 95 95 (221, 156) (221, 170) 221 221
97 1024252_02_KH.txt 96 96 96 (104, 156) (104, 170) 104 104
98 1047072_02_KH.txt 97 97 97 (135, 156) (135, 170) 135 135
99 1085332_02_CM.txt 98 98 98 (115, 156) (115, 170) 115 115
100 1022442_02_CM.txt 99 99 99 (207, 156) (207, 170) 207 207
101 1044802_02_CM.txt 100 100 100 (95, 156) (95, 170) 95 95
102 1090322_02_KH.txt 101 101 101 (156, 156) (156, 170) 156 156
103 1012242_02_CM.txt 102 102 102 (112, 156) (112, 170) 112 112
104 1079252_02_KH.txt 103 103 103 (133, 156) (133, 170) 133 133
105 1111182_02_CM.txt 104 104 104 (50, 156) (50, 170) 50 50
106 1066612_02_CM.txt 105 105 105 (180, 156) (180, 170) 180 180
108 1041852_02_CM.txt 106 106 106 (68, 156) (68, 170) 68 68
109 1023382_02_CM.txt 107 107 107 (261, 156) (261, 170) 261 261
110 1110532_02_CM.txt 108 108 108 (115, 156) (115, 170) 115 115
111 1046882_02_CM.txt 109 109 109 (96, 156) (96, 170) 96 96
112 1020682_02_CM.txt 110 110 110 (147, 156) (147, 170) 147 147
113 1011402_02_KH.txt 111 111 111 (107, 156) (107, 170) 107 107
114 1050312_02_KH.txt 112 112 112 (97, 156) (97, 170) 97 97
115 1013872_02_KH.txt 113 113 113 (141, 156) (141, 170) 141 141
116 1047042_02_CM.txt 114 114 114 (105, 156) (105, 170) 105 105
118 1057382_02_CM.txt 115 115 115 (117, 156) (117, 170) 117 117
119 1039282_02_KH.txt 116 116 116 (154, 156) (154, 170) 154 154
120 1011422_02_CM.txt 117 117 117 (190, 156) (190, 170) 190 190
121 1016292_02_CM.txt 118 118 118 (148, 156) (148, 170) 148 148
Fold  1
0 1071742_02_KH.txt 1 1 1 (93, 156) (93, 170) 93 93
1 1076482_02_CM.txt 2 2 2 (94, 156) (94, 170) 94 94
2 1008122_02_CM.txt 3 3 3 (51, 156) (51, 170) 51 51
3 1089792_02_KH.txt 4 4 4 (170, 156) (170, 170) 170 170
4 1083402_02_CM.txt 5 5 5 (60, 156) (60, 170) 60 60
5 1000322_02_CM.txt 6 6 6 (137, 156) (137, 170) 137 137
6 1048582_02_CM.txt 7 7 7 (123, 156) (123, 170) 123 123
7 1092432_02_KH.txt 8 8 8 (170, 156) (170, 170) 170 170
8 1070112_02_KH.txt 9 9 9 (176, 156) (176, 170) 176 176
9 1058502_02_CM.txt 10 10 10 (132, 156) (132, 170) 132 132
10 1011362_02_CM.txt 11 11 11 (143, 156) (143, 170) 143 143
11 1047072_02_KH.txt 12 12 12 (135, 156) (135, 170) 135 135
12 1109062_02_KH.txt 13 13 13 (260, 156) (260, 170) 260 260
13 1012472_02_CM.txt 14 14 14 (80, 156) (80, 170) 80 80
14 1106092_02_CM.txt 15 15 15 (93, 156) (93, 170) 93 93
0 1006652_02_CM.txt 1 1 1 (66, 156) (66, 170) 66 66
1 1006692_02_CM.txt 2 2 2 (153, 156) (153, 170) 153 153
2 1006782_02_CM.txt 3 3 3 (46, 156) (46, 170) 46 46
3 1007092_02_CM.txt 4 4 4 (144, 156) (144, 170) 144 144
4 1007762_02_KH.txt 5 5 5 (140, 156) (140, 170) 140 140
5 1107882_02_CM.txt 6 6 6 (130, 156) (130, 170) 130 130
6 1008192_02_CM.txt 7 7 7 (132, 156) (132, 170) 132 132
7 1010542_02_KH.txt 8 8 8 (203, 156) (203, 170) 203 203
8 1011422_02_CM.txt 9 9 9 (190, 156) (190, 170) 190 190
9 1012242_02_CM.txt 10 10 10 (112, 156) (112, 170) 112 112
10 1013732_02_CM.txt 11 11 11 (143, 156) (143, 170) 143 143
11 1013872_02_KH.txt 12 12 12 (141, 156) (141, 170) 141 141
12 1016222_02_KH.txt 13 13 13 (122, 156) (122, 170) 122 122
13 1016292_02_CM.txt 14 14 14 (148, 156) (148, 170) 148 148
0 1047022_02_CM.txt 1 1 1 (150, 156) (150, 170) 150 150
1 1082352_02_KH.txt 2 2 2 (142, 156) (142, 170) 142 142
2 1023162_02_KH.txt 3 3 3 (162, 156) (162, 170) 162 162
3 1016272_02_CM.txt 4 4 4 (32, 156) (32, 170) 32 32
4 1020192_02_CM.txt 5 5 5 (222, 156) (222, 170) 222 222
5 1011412_02_CM.txt 6 6 6 (86, 156) (86, 170) 86 86
6 1041702_02_KH.txt 7 7 7 (130, 156) (130, 170) 130 130
7 1057362_02_CM.txt 8 8 8 (72, 156) (72, 170) 72 72
8 1004952_02_CM.txt 9 9 9 (109, 156) (109, 170) 109 109
9 1056312_02_CM.txt 10 10 10 (119, 156) (119, 170) 119 119
10 1039282_02_KH.txt 11 11 11 (154, 156) (154, 170) 154 154
11 1047262_02_CM.txt 12 12 12 (99, 156) (99, 170) 99 99
12 1029722_02_KH.txt 13 13 13 (179, 156) (179, 170) 179 179
13 1047112_02_CM.txt 14 14 14 (87, 156) (87, 170) 87 87
14 1036842_02_KH.txt 15 15 15 (133, 156) (133, 170) 133 133
15 1050312_02_KH.txt 16 16 16 (97, 156) (97, 170) 97 97
16 1044972_02_KH.txt 17 17 17 (158, 156) (158, 170) 158 158
17 1033382_02_KH.txt 18 18 18 (124, 156) (124, 170) 124 124
18 1013792_02_KH.txt 19 19 19 (209, 156) (209, 170) 209 209
19 1044882_02_KH.txt 20 20 20 (194, 156) (194, 170) 194 194
20 1017522_02_CM.txt 21 21 21 (71, 156) (71, 170) 71 71
21 1057382_02_CM.txt 22 22 22 (117, 156) (117, 170) 117 117
22 1006402_02_KH.txt 23 23 23 (112, 156) (112, 170) 112 112
23 1061792_02_KH.txt 24 24 24 (52, 156) (52, 170) 52 52
24 1090322_02_KH.txt 25 25 25 (156, 156) (156, 170) 156 156
25 1046952_02_CM.txt 26 26 26 (100, 156) (100, 170) 100 100
26 1022442_02_CM.txt 27 27 27 (207, 156) (207, 170) 207 207
27 1110532_02_CM.txt 28 28 28 (115, 156) (115, 170) 115 115
28 1067492_02_CM.txt 29 29 29 (143, 156) (143, 170) 143 143
29 1036282_02_CM.txt 30 30 30 (150, 156) (150, 170) 150 150
30 1076262_02_CM.txt 31 31 31 (208, 156) (208, 170) 208 208
31 1057562_02_CM.txt 32 32 32 (95, 156) (95, 170) 95 95
32 1036562_02_CM.txt 33 33 33 (103, 156) (103, 170) 103 103
33 1078142_02_KH.txt 34 34 34 (96, 156) (96, 170) 96 96
34 1019802_02_CM.txt 35 35 35 (155, 156) (155, 170) 155 155
35 1097512_02_KH.txt 36 36 36 (133, 156) (133, 170) 133 133
36 1044802_02_CM.txt 37 37 37 (95, 156) (95, 170) 95 95
37 1079072_02_CM.txt 38 38 38 (92, 156) (92, 170) 92 92
38 1050392_02_CM.txt 39 39 39 (121, 156) (121, 170) 121 121
39 1026192_02_CM.txt 40 40 40 (92, 156) (92, 170) 92 92
40 1084092_02_CM.txt 41 41 41 (206, 156) (206, 170) 206 206
41 1021082_02_CM.txt 42 42 42 (110, 156) (110, 170) 110 110
42 1031142_02_KH.txt 43 43 43 (92, 156) (92, 170) 92 92
43 1008132_02_CM.txt 44 44 44 (154, 156) (154, 170) 154 154
44 1041852_02_CM.txt 45 45 45 (68, 156) (68, 170) 68 68
45 1085332_02_CM.txt 46 46 46 (115, 156) (115, 170) 115 115
46 1075962_02_CM.txt 47 47 47 (221, 156) (221, 170) 221 221
47 1021332_02_CM.txt 48 48 48 (193, 156) (193, 170) 193 193
48 1023382_02_CM.txt 49 49 49 (261, 156) (261, 170) 261 261
49 1024252_02_KH.txt 50 50 50 (104, 156) (104, 170) 104 104
50 1048132_02_KH.txt 51 51 51 (129, 156) (129, 170) 129 129
51 1101672_02_CM.txt 52 52 52 (77, 156) (77, 170) 77 77
52 1011312_02_KH.txt 53 53 53 (118, 156) (118, 170) 118 118
53 1079252_02_KH.txt 54 54 54 (133, 156) (133, 170) 133 133
54 1026182_02_CM.txt 55 55 55 (128, 156) (128, 170) 128 128
55 1111182_02_CM.txt 56 56 56 (50, 156) (50, 170) 50 50
56 1004042_02_KH.txt 57 57 57 (124, 156) (124, 170) 124 124
57 1026822_02_CM.txt 58 58 58 (94, 156) (94, 170) 94 94
58 1059892_02_CM.txt 59 59 59 (161, 156) (161, 170) 161 161
59 1039062_02_KH.txt 60 60 60 (158, 156) (158, 170) 158 158
60 1026122_02_KH.txt 61 61 61 (95, 156) (95, 170) 95 95
61 1026592_02_CM.txt 62 62 62 (132, 156) (132, 170) 132 132
62 1030372_02_KH.txt 63 63 63 (120, 156) (120, 170) 120 120
63 1047172_02_CM.txt 64 64 64 (138, 156) (138, 170) 138 138
64 1026502_02_KH.txt 65 65 65 (57, 156) (57, 170) 57 57
65 1024022_02_KH.txt 66 66 66 (178, 156) (178, 170) 178 178
66 1016322_02_CM.txt 67 67 67 (154, 156) (154, 170) 154 154
67 1047102_02_CM.txt 68 68 68 (91, 156) (91, 170) 91 91
68 1046882_02_CM.txt 69 69 69 (96, 156) (96, 170) 96 96
69 1021472_02_KH.txt 70 70 70 (156, 156) (156, 170) 156 156
70 1041202_02_CM.txt 71 71 71 (92, 156) (92, 170) 92 92
71 1002932_02_KH.txt 72 72 72 (87, 156) (87, 170) 87 87
72 1035422_02_CM.txt 73 73 73 (225, 156) (225, 170) 225 225
73 1036792_02_CM.txt 74 74 74 (194, 156) (194, 170) 194 194
74 1042372_02_CM.txt 75 75 75 (64, 156) (64, 170) 64 64
75 1029902_02_KH.txt 76 76 76 (159, 156) (159, 170) 159 159
76 1011402_02_KH.txt 77 77 77 (107, 156) (107, 170) 107 107
77 1047092_02_CM.txt 78 78 78 (66, 156) (66, 170) 66 66
78 1000172_02_KH.txt 79 79 79 (109, 156) (109, 170) 109 109
79 1041482_02_KH.txt 80 80 80 (142, 156) (142, 170) 142 142
81 1026442_02_CM.txt 81 81 81 (172, 156) (172, 170) 172 172
82 1006372_02_KH.txt 82 82 82 (104, 156) (104, 170) 104 104
83 1057292_02_KH.txt 83 83 83 (172, 156) (172, 170) 172 172
84 1020682_02_CM.txt 84 84 84 (147, 156) (147, 170) 147 147
85 1095942_02_KH.txt 85 85 85 (273, 156) (273, 170) 273 273
86 1026902_02_KH.txt 86 86 86 (155, 156) (155, 170) 155 155
87 1026292_02_KH.txt 87 87 87 (131, 156) (131, 170) 131 131
88 1026392_02_CM.txt 88 88 88 (100, 156) (100, 170) 100 100
89 1013172_02_CM.txt 89 89 89 (30, 156) (30, 170) 30 30
90 1045962_02_CM.txt 90 90 90 (100, 156) (100, 170) 100 100
91 1105682_02_CM.txt 91 91 91 (81, 156) (81, 170) 81 81
92 1030852_02_CM.txt 92 92 92 (175, 156) (175, 170) 175 175
93 1020132_02_KH.txt 93 93 93 (140, 156) (140, 170) 140 140
94 1042972_02_KH.txt 94 94 94 (114, 156) (114, 170) 114 114
95 1066612_02_CM.txt 95 95 95 (180, 156) (180, 170) 180 180
96 1019322_02_KH.txt 96 96 96 (170, 156) (170, 170) 170 170
97 1041762_02_KH.txt 97 97 97 (147, 156) (147, 170) 147 147
98 1026532_02_KH.txt 98 98 98 (195, 156) (195, 170) 195 195
99 1028312_02_CM.txt 99 99 99 (127, 156) (127, 170) 127 127
100 1052442_02_KH.txt 100 100 100 (124, 156) (124, 170) 124 124
101 1004532_02_CM.txt 101 101 101 (118, 156) (118, 170) 118 118
102 1082892_02_CM.txt 102 102 102 (120, 156) (120, 170) 120 120
103 1010462_02_CM.txt 103 103 103 (186, 156) (186, 170) 186 186
104 1086032_02_CM.txt 104 104 104 (122, 156) (122, 170) 122 122
105 1047202_02_CM.txt 105 105 105 (40, 156) (40, 170) 40 40
106 1016192_02_CM.txt 106 106 106 (71, 156) (71, 170) 71 71
107 1026162_02_KH.txt 107 107 107 (128, 156) (128, 170) 128 128
108 1028622_02_CM.txt 108 108 108 (156, 156) (156, 170) 156 156
110 1011352_02_KH.txt 109 109 109 (93, 156) (93, 170) 93 93
111 1058422_02_KH.txt 110 110 110 (138, 156) (138, 170) 138 138
112 1001252_02_CM.txt 111 111 111 (120, 156) (120, 170) 120 120
113 1087502_02_CM.txt 112 112 112 (56, 156) (56, 170) 56 56
115 1049092_02_CM.txt 113 113 113 (197, 156) (197, 170) 197 197
116 1047042_02_CM.txt 114 114 114 (105, 156) (105, 170) 105 105
117 1049042_02_CM.txt 115 115 115 (156, 156) (156, 170) 156 156
119 1069702_02_KH.txt 116 116 116 (166, 156) (166, 170) 166 166
120 1057442_02_CM.txt 117 117 117 (107, 156) (107, 170) 107 107
121 1105372_02_KH.txt 118 118 118 (145, 156) (145, 170) 145 145
122 1032032_02_KH.txt 119 119 119 (275, 156) (275, 170) 275 275
Fold  2
0 1047112_02_CM.txt 1 1 1 (87, 156) (87, 170) 87 87
1 1041702_02_KH.txt 2 2 2 (130, 156) (130, 170) 130 130
2 1050312_02_KH.txt 3 3 3 (97, 156) (97, 170) 97 97
3 1047102_02_CM.txt 4 4 4 (91, 156) (91, 170) 91 91
4 1006692_02_CM.txt 5 5 5 (153, 156) (153, 170) 153 153
5 1092432_02_KH.txt 6 6 6 (170, 156) (170, 170) 170 170
6 1047202_02_CM.txt 7 7 7 (40, 156) (40, 170) 40 40
7 1057382_02_CM.txt 8 8 8 (117, 156) (117, 170) 117 117
8 1058422_02_KH.txt 9 9 9 (138, 156) (138, 170) 138 138
9 1021082_02_CM.txt 10 10 10 (110, 156) (110, 170) 110 110
10 1004042_02_KH.txt 11 11 11 (124, 156) (124, 170) 124 124
11 1002932_02_KH.txt 12 12 12 (87, 156) (87, 170) 87 87
12 1026532_02_KH.txt 13 13 13 (195, 156) (195, 170) 195 195
13 1107882_02_CM.txt 14 14 14 (130, 156) (130, 170) 130 130
0 1010462_02_CM.txt 1 1 1 (186, 156) (186, 170) 186 186
1 1110532_02_CM.txt 2 2 2 (115, 156) (115, 170) 115 115
2 1111182_02_CM.txt 3 3 3 (50, 156) (50, 170) 50 50
3 1011312_02_KH.txt 4 4 4 (118, 156) (118, 170) 118 118
4 1011352_02_KH.txt 5 5 5 (93, 156) (93, 170) 93 93
5 1011362_02_CM.txt 6 6 6 (143, 156) (143, 170) 143 143
6 1016322_02_CM.txt 7 7 7 (154, 156) (154, 170) 154 154
7 1017522_02_CM.txt 8 8 8 (71, 156) (71, 170) 71 71
8 1020132_02_KH.txt 9 9 9 (140, 156) (140, 170) 140 140
9 1021472_02_KH.txt 10 10 10 (156, 156) (156, 170) 156 156
10 1022442_02_CM.txt 11 11 11 (207, 156) (207, 170) 207 207
11 1023162_02_KH.txt 12 12 12 (162, 156) (162, 170) 162 162
12 1023382_02_CM.txt 13 13 13 (261, 156) (261, 170) 261 261
13 1024022_02_KH.txt 14 14 14 (178, 156) (178, 170) 178 178
14 1026122_02_KH.txt 15 15 15 (95, 156) (95, 170) 95 95
0 1047092_02_CM.txt 1 1 1 (66, 156) (66, 170) 66 66
1 1079252_02_KH.txt 2 2 2 (133, 156) (133, 170) 133 133
2 1026292_02_KH.txt 3 3 3 (131, 156) (131, 170) 131 131
3 1026592_02_CM.txt 4 4 4 (132, 156) (132, 170) 132 132
4 1008132_02_CM.txt 5 5 5 (154, 156) (154, 170) 154 154
5 1026192_02_CM.txt 6 6 6 (92, 156) (92, 170) 92 92
6 1032032_02_KH.txt 7 7 7 (275, 156) (275, 170) 275 275
8 1001252_02_CM.txt 8 8 8 (120, 156) (120, 170) 120 120
9 1071742_02_KH.txt 9 9 9 (93, 156) (93, 170) 93 93
10 1087502_02_CM.txt 10 10 10 (56, 156) (56, 170) 56 56
11 1057362_02_CM.txt 11 11 11 (72, 156) (72, 170) 72 72
12 1016192_02_CM.txt 12 12 12 (71, 156) (71, 170) 71 71
13 1026182_02_CM.txt 13 13 13 (128, 156) (128, 170) 128 128
14 1041482_02_KH.txt 14 14 14 (142, 156) (142, 170) 142 142
15 1036792_02_CM.txt 15 15 15 (194, 156) (194, 170) 194 194
16 1026392_02_CM.txt 16 16 16 (100, 156) (100, 170) 100 100
17 1049092_02_CM.txt 17 17 17 (197, 156) (197, 170) 197 197
18 1105682_02_CM.txt 18 18 18 (81, 156) (81, 170) 81 81
20 1047042_02_CM.txt 19 19 19 (105, 156) (105, 170) 105 105
21 1026822_02_CM.txt 20 20 20 (94, 156) (94, 170) 94 94
22 1019802_02_CM.txt 21 21 21 (155, 156) (155, 170) 155 155
23 1079072_02_CM.txt 22 22 22 (92, 156) (92, 170) 92 92
24 1030372_02_KH.txt 23 23 23 (120, 156) (120, 170) 120 120
25 1020682_02_CM.txt 24 24 24 (147, 156) (147, 170) 147 147
26 1039062_02_KH.txt 25 25 25 (158, 156) (158, 170) 158 158
27 1008192_02_CM.txt 26 26 26 (132, 156) (132, 170) 132 132
28 1000322_02_CM.txt 27 27 27 (137, 156) (137, 170) 137 137
29 1006372_02_KH.txt 28 28 28 (104, 156) (104, 170) 104 104
30 1048582_02_CM.txt 29 29 29 (123, 156) (123, 170) 123 123
31 1086032_02_CM.txt 30 30 30 (122, 156) (122, 170) 122 122
32 1042972_02_KH.txt 31 31 31 (114, 156) (114, 170) 114 114
33 1035422_02_CM.txt 32 32 32 (225, 156) (225, 170) 225 225
34 1078142_02_KH.txt 33 33 33 (96, 156) (96, 170) 96 96
35 1030852_02_CM.txt 34 34 34 (175, 156) (175, 170) 175 175
36 1011422_02_CM.txt 35 35 35 (190, 156) (190, 170) 190 190
37 1036842_02_KH.txt 36 36 36 (133, 156) (133, 170) 133 133
38 1006782_02_CM.txt 37 37 37 (46, 156) (46, 170) 46 46
39 1097512_02_KH.txt 38 38 38 (133, 156) (133, 170) 133 133
40 1033382_02_KH.txt 39 39 39 (124, 156) (124, 170) 124 124
41 1011412_02_CM.txt 40 40 40 (86, 156) (86, 170) 86 86
42 1039282_02_KH.txt 41 41 41 (154, 156) (154, 170) 154 154
44 1016222_02_KH.txt 42 42 42 (122, 156) (122, 170) 122 122
45 1047262_02_CM.txt 43 43 43 (99, 156) (99, 170) 99 99
46 1048132_02_KH.txt 44 44 44 (129, 156) (129, 170) 129 129
47 1056312_02_CM.txt 45 45 45 (119, 156) (119, 170) 119 119
48 1082352_02_KH.txt 46 46 46 (142, 156) (142, 170) 142 142
49 1041852_02_CM.txt 47 47 47 (68, 156) (68, 170) 68 68
50 1069702_02_KH.txt 48 48 48 (166, 156) (166, 170) 166 166
51 1024252_02_KH.txt 49 49 49 (104, 156) (104, 170) 104 104
52 1059892_02_CM.txt 50 50 50 (161, 156) (161, 170) 161 161
53 1075962_02_CM.txt 51 51 51 (221, 156) (221, 170) 221 221
54 1089792_02_KH.txt 52 52 52 (170, 156) (170, 170) 170 170
55 1020192_02_CM.txt 53 53 53 (222, 156) (222, 170) 222 222
56 1106092_02_CM.txt 54 54 54 (93, 156) (93, 170) 93 93
57 1067492_02_CM.txt 55 55 55 (143, 156) (143, 170) 143 143
58 1082892_02_CM.txt 56 56 56 (120, 156) (120, 170) 120 120
59 1004952_02_CM.txt 57 57 57 (109, 156) (109, 170) 109 109
60 1050392_02_CM.txt 58 58 58 (121, 156) (121, 170) 121 121
61 1057442_02_CM.txt 59 59 59 (107, 156) (107, 170) 107 107
62 1070112_02_KH.txt 60 60 60 (176, 156) (176, 170) 176 176
63 1046882_02_CM.txt 61 61 61 (96, 156) (96, 170) 96 96
64 1052442_02_KH.txt 62 62 62 (124, 156) (124, 170) 124 124
65 1047072_02_KH.txt 63 63 63 (135, 156) (135, 170) 135 135
66 1085332_02_CM.txt 64 64 64 (115, 156) (115, 170) 115 115
67 1046952_02_CM.txt 65 65 65 (100, 156) (100, 170) 100 100
68 1012472_02_CM.txt 66 66 66 (80, 156) (80, 170) 80 80
69 1007762_02_KH.txt 67 67 67 (140, 156) (140, 170) 140 140
70 1011402_02_KH.txt 68 68 68 (107, 156) (107, 170) 107 107
71 1028622_02_CM.txt 69 69 69 (156, 156) (156, 170) 156 156
72 1019322_02_KH.txt 70 70 70 (170, 156) (170, 170) 170 170
73 1044802_02_CM.txt 71 71 71 (95, 156) (95, 170) 95 95
74 1041762_02_KH.txt 72 72 72 (147, 156) (147, 170) 147 147
75 1047022_02_CM.txt 73 73 73 (150, 156) (150, 170) 150 150
76 1076482_02_CM.txt 74 74 74 (94, 156) (94, 170) 94 94
77 1084092_02_CM.txt 75 75 75 (206, 156) (206, 170) 206 206
78 1095942_02_KH.txt 76 76 76 (273, 156) (273, 170) 273 273
79 1044882_02_KH.txt 77 77 77 (194, 156) (194, 170) 194 194
80 1090322_02_KH.txt 78 78 78 (156, 156) (156, 170) 156 156
81 1016292_02_CM.txt 79 79 79 (148, 156) (148, 170) 148 148
82 1026442_02_CM.txt 80 80 80 (172, 156) (172, 170) 172 172
83 1061792_02_KH.txt 81 81 81 (52, 156) (52, 170) 52 52
84 1026902_02_KH.txt 82 82 82 (155, 156) (155, 170) 155 155
86 1044972_02_KH.txt 83 83 83 (158, 156) (158, 170) 158 158
87 1083402_02_CM.txt 84 84 84 (60, 156) (60, 170) 60 60
88 1013872_02_KH.txt 85 85 85 (141, 156) (141, 170) 141 141
89 1066612_02_CM.txt 86 86 86 (180, 156) (180, 170) 180 180
90 1041202_02_CM.txt 87 87 87 (92, 156) (92, 170) 92 92
91 1013172_02_CM.txt 88 88 88 (30, 156) (30, 170) 30 30
92 1036562_02_CM.txt 89 89 89 (103, 156) (103, 170) 103 103
93 1010542_02_KH.txt 90 90 90 (203, 156) (203, 170) 203 203
94 1047172_02_CM.txt 91 91 91 (138, 156) (138, 170) 138 138
95 1008122_02_CM.txt 92 92 92 (51, 156) (51, 170) 51 51
96 1057292_02_KH.txt 93 93 93 (172, 156) (172, 170) 172 172
97 1021332_02_CM.txt 94 94 94 (193, 156) (193, 170) 193 193
98 1006652_02_CM.txt 95 95 95 (66, 156) (66, 170) 66 66
99 1049042_02_CM.txt 96 96 96 (156, 156) (156, 170) 156 156
100 1057562_02_CM.txt 97 97 97 (95, 156) (95, 170) 95 95
101 1004532_02_CM.txt 98 98 98 (118, 156) (118, 170) 118 118
102 1036282_02_CM.txt 99 99 99 (150, 156) (150, 170) 150 150
103 1013792_02_KH.txt 100 100 100 (209, 156) (209, 170) 209 209
104 1058502_02_CM.txt 101 101 101 (132, 156) (132, 170) 132 132
105 1006402_02_KH.txt 102 102 102 (112, 156) (112, 170) 112 112
106 1076262_02_CM.txt 103 103 103 (208, 156) (208, 170) 208 208
107 1101672_02_CM.txt 104 104 104 (77, 156) (77, 170) 77 77
108 1007092_02_CM.txt 105 105 105 (144, 156) (144, 170) 144 144
109 1013732_02_CM.txt 106 106 106 (143, 156) (143, 170) 143 143
110 1026162_02_KH.txt 107 107 107 (128, 156) (128, 170) 128 128
111 1028312_02_CM.txt 108 108 108 (127, 156) (127, 170) 127 127
112 1029722_02_KH.txt 109 109 109 (179, 156) (179, 170) 179 179
113 1000172_02_KH.txt 110 110 110 (109, 156) (109, 170) 109 109
114 1045962_02_CM.txt 111 111 111 (100, 156) (100, 170) 100 100
115 1029902_02_KH.txt 112 112 112 (159, 156) (159, 170) 159 159
116 1031142_02_KH.txt 113 113 113 (92, 156) (92, 170) 92 92
117 1026502_02_KH.txt 114 114 114 (57, 156) (57, 170) 57 57
118 1105372_02_KH.txt 115 115 115 (145, 156) (145, 170) 145 145
119 1016272_02_CM.txt 116 116 116 (32, 156) (32, 170) 32 32
120 1042372_02_CM.txt 117 117 117 (64, 156) (64, 170) 64 64
121 1109062_02_KH.txt 118 118 118 (260, 156) (260, 170) 260 260
122 1012242_02_CM.txt 119 119 119 (112, 156) (112, 170) 112 112
Fold  3
0 1047072_02_KH.txt 1 1 1 (135, 156) (135, 170) 135 135
1 1067492_02_CM.txt 2 2 2 (143, 156) (143, 170) 143 143
2 1017522_02_CM.txt 3 3 3 (71, 156) (71, 170) 71 71
3 1022442_02_CM.txt 4 4 4 (207, 156) (207, 170) 207 207
4 1016322_02_CM.txt 5 5 5 (154, 156) (154, 170) 154 154
5 1006402_02_KH.txt 6 6 6 (112, 156) (112, 170) 112 112
6 1070112_02_KH.txt 7 7 7 (176, 156) (176, 170) 176 176
7 1090322_02_KH.txt 8 8 8 (156, 156) (156, 170) 156 156
8 1084092_02_CM.txt 9 9 9 (206, 156) (206, 170) 206 206
9 1000172_02_KH.txt 10 10 10 (109, 156) (109, 170) 109 109
10 1036792_02_CM.txt 11 11 11 (194, 156) (194, 170) 194 194
11 1010462_02_CM.txt 12 12 12 (186, 156) (186, 170) 186 186
12 1006782_02_CM.txt 13 13 13 (46, 156) (46, 170) 46 46
13 1031142_02_KH.txt 14 14 14 (92, 156) (92, 170) 92 92
0 1011402_02_KH.txt 1 1 1 (107, 156) (107, 170) 107 107
1 1011412_02_CM.txt 2 2 2 (86, 156) (86, 170) 86 86
2 1012472_02_CM.txt 3 3 3 (80, 156) (80, 170) 80 80
3 1013172_02_CM.txt 4 4 4 (30, 156) (30, 170) 30 30
4 1013792_02_KH.txt 5 5 5 (209, 156) (209, 170) 209 209
5 1016192_02_CM.txt 6 6 6 (71, 156) (71, 170) 71 71
6 1016272_02_CM.txt 7 7 7 (32, 156) (32, 170) 32 32
7 1019322_02_KH.txt 8 8 8 (170, 156) (170, 170) 170 170
8 1026162_02_KH.txt 9 9 9 (128, 156) (128, 170) 128 128
9 1026182_02_CM.txt 10 10 10 (128, 156) (128, 170) 128 128
10 1026502_02_KH.txt 11 11 11 (57, 156) (57, 170) 57 57
11 1026532_02_KH.txt 12 12 12 (195, 156) (195, 170) 195 195
12 1026902_02_KH.txt 13 13 13 (155, 156) (155, 170) 155 155
13 1029722_02_KH.txt 14 14 14 (179, 156) (179, 170) 179 179
14 1030852_02_CM.txt 15 15 15 (175, 156) (175, 170) 175 175
15 1032032_02_KH.txt 16 16 16 (275, 156) (275, 170) 275 275
16 1033382_02_KH.txt 17 17 17 (124, 156) (124, 170) 124 124
0 1079072_02_CM.txt 1 1 1 (92, 156) (92, 170) 92 92
1 1048582_02_CM.txt 2 2 2 (123, 156) (123, 170) 123 123
2 1083402_02_CM.txt 3 3 3 (60, 156) (60, 170) 60 60
4 1041702_02_KH.txt 4 4 4 (130, 156) (130, 170) 130 130
5 1057442_02_CM.txt 5 5 5 (107, 156) (107, 170) 107 107
6 1047092_02_CM.txt 6 6 6 (66, 156) (66, 170) 66 66
7 1006652_02_CM.txt 7 7 7 (66, 156) (66, 170) 66 66
8 1050392_02_CM.txt 8 8 8 (121, 156) (121, 170) 121 121
9 1008122_02_CM.txt 9 9 9 (51, 156) (51, 170) 51 51
10 1039062_02_KH.txt 10 10 10 (158, 156) (158, 170) 158 158
11 1026592_02_CM.txt 11 11 11 (132, 156) (132, 170) 132 132
12 1076262_02_CM.txt 12 12 12 (208, 156) (208, 170) 208 208
13 1058422_02_KH.txt 13 13 13 (138, 156) (138, 170) 138 138
14 1021332_02_CM.txt 14 14 14 (193, 156) (193, 170) 193 193
15 1095942_02_KH.txt 15 15 15 (273, 156) (273, 170) 273 273
16 1016222_02_KH.txt 16 16 16 (122, 156) (122, 170) 122 122
17 1047042_02_CM.txt 17 17 17 (105, 156) (105, 170) 105 105
18 1013872_02_KH.txt 18 18 18 (141, 156) (141, 170) 141 141
19 1002932_02_KH.txt 19 19 19 (87, 156) (87, 170) 87 87
20 1076482_02_CM.txt 20 20 20 (94, 156) (94, 170) 94 94
21 1052442_02_KH.txt 21 21 21 (124, 156) (124, 170) 124 124
22 1020132_02_KH.txt 22 22 22 (140, 156) (140, 170) 140 140
23 1011422_02_CM.txt 23 23 23 (190, 156) (190, 170) 190 190
24 1044972_02_KH.txt 24 24 24 (158, 156) (158, 170) 158 158
25 1071742_02_KH.txt 25 25 25 (93, 156) (93, 170) 93 93
26 1030372_02_KH.txt 26 26 26 (120, 156) (120, 170) 120 120
27 1020192_02_CM.txt 27 27 27 (222, 156) (222, 170) 222 222
28 1047102_02_CM.txt 28 28 28 (91, 156) (91, 170) 91 91
29 1105682_02_CM.txt 29 29 29 (81, 156) (81, 170) 81 81
31 1057292_02_KH.txt 30 30 30 (172, 156) (172, 170) 172 172
32 1013732_02_CM.txt 31 31 31 (143, 156) (143, 170) 143 143
33 1012242_02_CM.txt 32 32 32 (112, 156) (112, 170) 112 112
34 1044882_02_KH.txt 33 33 33 (194, 156) (194, 170) 194 194
35 1023162_02_KH.txt 34 34 34 (162, 156) (162, 170) 162 162
36 1028312_02_CM.txt 35 35 35 (127, 156) (127, 170) 127 127
37 1026122_02_KH.txt 36 36 36 (95, 156) (95, 170) 95 95
38 1107882_02_CM.txt 37 37 37 (130, 156) (130, 170) 130 130
39 1086032_02_CM.txt 38 38 38 (122, 156) (122, 170) 122 122
40 1021082_02_CM.txt 39 39 39 (110, 156) (110, 170) 110 110
41 1109062_02_KH.txt 40 40 40 (260, 156) (260, 170) 260 260
42 1047202_02_CM.txt 41 41 41 (40, 156) (40, 170) 40 40
43 1046882_02_CM.txt 42 42 42 (96, 156) (96, 170) 96 96
44 1075962_02_CM.txt 43 43 43 (221, 156) (221, 170) 221 221
45 1042972_02_KH.txt 44 44 44 (114, 156) (114, 170) 114 114
46 1049042_02_CM.txt 45 45 45 (156, 156) (156, 170) 156 156
47 1024022_02_KH.txt 46 46 46 (178, 156) (178, 170) 178 178
48 1058502_02_CM.txt 47 47 47 (132, 156) (132, 170) 132 132
49 1050312_02_KH.txt 48 48 48 (97, 156) (97, 170) 97 97
50 1079252_02_KH.txt 49 49 49 (133, 156) (133, 170) 133 133
51 1026392_02_CM.txt 50 50 50 (100, 156) (100, 170) 100 100
52 1024252_02_KH.txt 51 51 51 (104, 156) (104, 170) 104 104
53 1042372_02_CM.txt 52 52 52 (64, 156) (64, 170) 64 64
54 1082352_02_KH.txt 53 53 53 (142, 156) (142, 170) 142 142
55 1047112_02_CM.txt 54 54 54 (87, 156) (87, 170) 87 87
56 1045962_02_CM.txt 55 55 55 (100, 156) (100, 170) 100 100
57 1036842_02_KH.txt 56 56 56 (133, 156) (133, 170) 133 133
58 1047262_02_CM.txt 57 57 57 (99, 156) (99, 170) 99 99
60 1046952_02_CM.txt 58 58 58 (100, 156) (100, 170) 100 100
61 1026292_02_KH.txt 59 59 59 (131, 156) (131, 170) 131 131
62 1016292_02_CM.txt 60 60 60 (148, 156) (148, 170) 148 148
63 1036562_02_CM.txt 61 61 61 (103, 156) (103, 170) 103 103
64 1023382_02_CM.txt 62 62 62 (261, 156) (261, 170) 261 261
65 1026822_02_CM.txt 63 63 63 (94, 156) (94, 170) 94 94
66 1029902_02_KH.txt 64 64 64 (159, 156) (159, 170) 159 159
67 1041482_02_KH.txt 65 65 65 (142, 156) (142, 170) 142 142
68 1059892_02_CM.txt 66 66 66 (161, 156) (161, 170) 161 161
69 1056312_02_CM.txt 67 67 67 (119, 156) (119, 170) 119 119
70 1106092_02_CM.txt 68 68 68 (93, 156) (93, 170) 93 93
72 1004952_02_CM.txt 69 69 69 (109, 156) (109, 170) 109 109
73 1028622_02_CM.txt 70 70 70 (156, 156) (156, 170) 156 156
74 1069702_02_KH.txt 71 71 71 (166, 156) (166, 170) 166 166
75 1041202_02_CM.txt 72 72 72 (92, 156) (92, 170) 92 92
76 1078142_02_KH.txt 73 73 73 (96, 156) (96, 170) 96 96
77 1001252_02_CM.txt 74 74 74 (120, 156) (120, 170) 120 120
78 1020682_02_CM.txt 75 75 75 (147, 156) (147, 170) 147 147
79 1057562_02_CM.txt 76 76 76 (95, 156) (95, 170) 95 95
80 1041852_02_CM.txt 77 77 77 (68, 156) (68, 170) 68 68
81 1105372_02_KH.txt 78 78 78 (145, 156) (145, 170) 145 145
82 1111182_02_CM.txt 79 79 79 (50, 156) (50, 170) 50 50
83 1057382_02_CM.txt 80 80 80 (117, 156) (117, 170) 117 117
84 1061792_02_KH.txt 81 81 81 (52, 156) (52, 170) 52 52
85 1006692_02_CM.txt 82 82 82 (153, 156) (153, 170) 153 153
86 1085332_02_CM.txt 83 83 83 (115, 156) (115, 170) 115 115
87 1066612_02_CM.txt 84 84 84 (180, 156) (180, 170) 180 180
88 1008192_02_CM.txt 85 85 85 (132, 156) (132, 170) 132 132
89 1006372_02_KH.txt 86 86 86 (104, 156) (104, 170) 104 104
90 1044802_02_CM.txt 87 87 87 (95, 156) (95, 170) 95 95
91 1101672_02_CM.txt 88 88 88 (77, 156) (77, 170) 77 77
92 1011352_02_KH.txt 89 89 89 (93, 156) (93, 170) 93 93
93 1021472_02_KH.txt 90 90 90 (156, 156) (156, 170) 156 156
94 1010542_02_KH.txt 91 91 91 (203, 156) (203, 170) 203 203
95 1041762_02_KH.txt 92 92 92 (147, 156) (147, 170) 147 147
96 1007762_02_KH.txt 93 93 93 (140, 156) (140, 170) 140 140
97 1048132_02_KH.txt 94 94 94 (129, 156) (129, 170) 129 129
98 1011312_02_KH.txt 95 95 95 (118, 156) (118, 170) 118 118
99 1004532_02_CM.txt 96 96 96 (118, 156) (118, 170) 118 118
100 1082892_02_CM.txt 97 97 97 (120, 156) (120, 170) 120 120
101 1000322_02_CM.txt 98 98 98 (137, 156) (137, 170) 137 137
102 1008132_02_CM.txt 99 99 99 (154, 156) (154, 170) 154 154
103 1039282_02_KH.txt 100 100 100 (154, 156) (154, 170) 154 154
104 1035422_02_CM.txt 101 101 101 (225, 156) (225, 170) 225 225
105 1026442_02_CM.txt 102 102 102 (172, 156) (172, 170) 172 172
106 1057362_02_CM.txt 103 103 103 (72, 156) (72, 170) 72 72
107 1026192_02_CM.txt 104 104 104 (92, 156) (92, 170) 92 92
108 1097512_02_KH.txt 105 105 105 (133, 156) (133, 170) 133 133
109 1089792_02_KH.txt 106 106 106 (170, 156) (170, 170) 170 170
110 1047022_02_CM.txt 107 107 107 (150, 156) (150, 170) 150 150
111 1049092_02_CM.txt 108 108 108 (197, 156) (197, 170) 197 197
112 1004042_02_KH.txt 109 109 109 (124, 156) (124, 170) 124 124
113 1019802_02_CM.txt 110 110 110 (155, 156) (155, 170) 155 155
114 1092432_02_KH.txt 111 111 111 (170, 156) (170, 170) 170 170
115 1047172_02_CM.txt 112 112 112 (138, 156) (138, 170) 138 138
116 1007092_02_CM.txt 113 113 113 (144, 156) (144, 170) 144 144
117 1110532_02_CM.txt 114 114 114 (115, 156) (115, 170) 115 115
118 1036282_02_CM.txt 115 115 115 (150, 156) (150, 170) 150 150
119 1087502_02_CM.txt 116 116 116 (56, 156) (56, 170) 56 56
120 1011362_02_CM.txt 117 117 117 (143, 156) (143, 170) 143 143
Fold  4
0 1012242_02_CM.txt 1 1 1 (112, 156) (112, 170) 112 112
1 1110532_02_CM.txt 2 2 2 (115, 156) (115, 170) 115 115
2 1011312_02_KH.txt 3 3 3 (118, 156) (118, 170) 118 118
3 1049092_02_CM.txt 4 4 4 (197, 156) (197, 170) 197 197
4 1041852_02_CM.txt 5 5 5 (68, 156) (68, 170) 68 68
5 1011412_02_CM.txt 6 6 6 (86, 156) (86, 170) 86 86
6 1076262_02_CM.txt 7 7 7 (208, 156) (208, 170) 208 208
7 1022442_02_CM.txt 8 8 8 (207, 156) (207, 170) 207 207
8 1057382_02_CM.txt 9 9 9 (117, 156) (117, 170) 117 117
9 1044802_02_CM.txt 10 10 10 (95, 156) (95, 170) 95 95
10 1010542_02_KH.txt 11 11 11 (203, 156) (203, 170) 203 203
11 1033382_02_KH.txt 12 12 12 (124, 156) (124, 170) 124 124
0 1019802_02_CM.txt 1 1 1 (155, 156) (155, 170) 155 155
1 1020192_02_CM.txt 2 2 2 (222, 156) (222, 170) 222 222
2 1020682_02_CM.txt 3 3 3 (147, 156) (147, 170) 147 147
3 1021082_02_CM.txt 4 4 4 (110, 156) (110, 170) 110 110
4 1021332_02_CM.txt 5 5 5 (193, 156) (193, 170) 193 193
5 1024252_02_KH.txt 6 6 6 (104, 156) (104, 170) 104 104
6 1026192_02_CM.txt 7 7 7 (92, 156) (92, 170) 92 92
7 1035422_02_CM.txt 8 8 8 (225, 156) (225, 170) 225 225
8 1036282_02_CM.txt 9 9 9 (150, 156) (150, 170) 150 150
9 1036562_02_CM.txt 10 10 10 (103, 156) (103, 170) 103 103
10 1036842_02_KH.txt 11 11 11 (133, 156) (133, 170) 133 133
11 1041202_02_CM.txt 12 12 12 (92, 156) (92, 170) 92 92
12 1041482_02_KH.txt 13 13 13 (142, 156) (142, 170) 142 142
13 1041702_02_KH.txt 14 14 14 (130, 156) (130, 170) 130 130
14 1042972_02_KH.txt 15 15 15 (114, 156) (114, 170) 114 114
0 1006692_02_CM.txt 1 1 1 (153, 156) (153, 170) 153 153
1 1086032_02_CM.txt 2 2 2 (122, 156) (122, 170) 122 122
3 1011402_02_KH.txt 3 3 3 (107, 156) (107, 170) 107 107
4 1044882_02_KH.txt 4 4 4 (194, 156) (194, 170) 194 194
5 1013872_02_KH.txt 5 5 5 (141, 156) (141, 170) 141 141
6 1050392_02_CM.txt 6 6 6 (121, 156) (121, 170) 121 121
7 1000172_02_KH.txt 7 7 7 (109, 156) (109, 170) 109 109
8 1007092_02_CM.txt 8 8 8 (144, 156) (144, 170) 144 144
9 1041762_02_KH.txt 9 9 9 (147, 156) (147, 170) 147 147
10 1087502_02_CM.txt 10 10 10 (56, 156) (56, 170) 56 56
11 1011422_02_CM.txt 11 11 11 (190, 156) (190, 170) 190 190
12 1004042_02_KH.txt 12 12 12 (124, 156) (124, 170) 124 124
13 1032032_02_KH.txt 13 13 13 (275, 156) (275, 170) 275 275
14 1016292_02_CM.txt 14 14 14 (148, 156) (148, 170) 148 148
15 1039062_02_KH.txt 15 15 15 (158, 156) (158, 170) 158 158
16 1085332_02_CM.txt 16 16 16 (115, 156) (115, 170) 115 115
17 1012472_02_CM.txt 17 17 17 (80, 156) (80, 170) 80 80
18 1008192_02_CM.txt 18 18 18 (132, 156) (132, 170) 132 132
19 1047202_02_CM.txt 19 19 19 (40, 156) (40, 170) 40 40
20 1052442_02_KH.txt 20 20 20 (124, 156) (124, 170) 124 124
21 1047112_02_CM.txt 21 21 21 (87, 156) (87, 170) 87 87
22 1006372_02_KH.txt 22 22 22 (104, 156) (104, 170) 104 104
23 1047172_02_CM.txt 23 23 23 (138, 156) (138, 170) 138 138
24 1016222_02_KH.txt 24 24 24 (122, 156) (122, 170) 122 122
25 1026902_02_KH.txt 25 25 25 (155, 156) (155, 170) 155 155
27 1023162_02_KH.txt 26 26 26 (162, 156) (162, 170) 162 162
28 1026592_02_CM.txt 27 27 27 (132, 156) (132, 170) 132 132
29 1029722_02_KH.txt 28 28 28 (179, 156) (179, 170) 179 179
30 1002932_02_KH.txt 29 29 29 (87, 156) (87, 170) 87 87
31 1008122_02_CM.txt 30 30 30 (51, 156) (51, 170) 51 51
32 1056312_02_CM.txt 31 31 31 (119, 156) (119, 170) 119 119
33 1008132_02_CM.txt 32 32 32 (154, 156) (154, 170) 154 154
34 1090322_02_KH.txt 33 33 33 (156, 156) (156, 170) 156 156
35 1082352_02_KH.txt 34 34 34 (142, 156) (142, 170) 142 142
36 1079072_02_CM.txt 35 35 35 (92, 156) (92, 170) 92 92
37 1026532_02_KH.txt 36 36 36 (195, 156) (195, 170) 195 195
38 1036792_02_CM.txt 37 37 37 (194, 156) (194, 170) 194 194
39 1006402_02_KH.txt 38 38 38 (112, 156) (112, 170) 112 112
40 1028622_02_CM.txt 39 39 39 (156, 156) (156, 170) 156 156
41 1058502_02_CM.txt 40 40 40 (132, 156) (132, 170) 132 132
43 1047042_02_CM.txt 41 41 41 (105, 156) (105, 170) 105 105
44 1031142_02_KH.txt 42 42 42 (92, 156) (92, 170) 92 92
45 1084092_02_CM.txt 43 43 43 (206, 156) (206, 170) 206 206
46 1024022_02_KH.txt 44 44 44 (178, 156) (178, 170) 178 178
47 1061792_02_KH.txt 45 45 45 (52, 156) (52, 170) 52 52
48 1057292_02_KH.txt 46 46 46 (172, 156) (172, 170) 172 172
49 1017522_02_CM.txt 47 47 47 (71, 156) (71, 170) 71 71
50 1030372_02_KH.txt 48 48 48 (120, 156) (120, 170) 120 120
51 1101672_02_CM.txt 49 49 49 (77, 156) (77, 170) 77 77
52 1013172_02_CM.txt 50 50 50 (30, 156) (30, 170) 30 30
53 1010462_02_CM.txt 51 51 51 (186, 156) (186, 170) 186 186
54 1105682_02_CM.txt 52 52 52 (81, 156) (81, 170) 81 81
55 1028312_02_CM.txt 53 53 53 (127, 156) (127, 170) 127 127
56 1046952_02_CM.txt 54 54 54 (100, 156) (100, 170) 100 100
57 1011352_02_KH.txt 55 55 55 (93, 156) (93, 170) 93 93
58 1111182_02_CM.txt 56 56 56 (50, 156) (50, 170) 50 50
59 1026182_02_CM.txt 57 57 57 (128, 156) (128, 170) 128 128
60 1006782_02_CM.txt 58 58 58 (46, 156) (46, 170) 46 46
61 1020132_02_KH.txt 59 59 59 (140, 156) (140, 170) 140 140
62 1057362_02_CM.txt 60 60 60 (72, 156) (72, 170) 72 72
63 1079252_02_KH.txt 61 61 61 (133, 156) (133, 170) 133 133
64 1058422_02_KH.txt 62 62 62 (138, 156) (138, 170) 138 138
65 1067492_02_CM.txt 63 63 63 (143, 156) (143, 170) 143 143
66 1075962_02_CM.txt 64 64 64 (221, 156) (221, 170) 221 221
67 1049042_02_CM.txt 65 65 65 (156, 156) (156, 170) 156 156
68 1057442_02_CM.txt 66 66 66 (107, 156) (107, 170) 107 107
69 1016192_02_CM.txt 67 67 67 (71, 156) (71, 170) 71 71
70 1095942_02_KH.txt 68 68 68 (273, 156) (273, 170) 273 273
71 1048582_02_CM.txt 69 69 69 (123, 156) (123, 170) 123 123
72 1026292_02_KH.txt 70 70 70 (131, 156) (131, 170) 131 131
73 1016322_02_CM.txt 71 71 71 (154, 156) (154, 170) 154 154
74 1050312_02_KH.txt 72 72 72 (97, 156) (97, 170) 97 97
75 1089792_02_KH.txt 73 73 73 (170, 156) (170, 170) 170 170
76 1013732_02_CM.txt 74 74 74 (143, 156) (143, 170) 143 143
77 1044972_02_KH.txt 75 75 75 (158, 156) (158, 170) 158 158
78 1007762_02_KH.txt 76 76 76 (140, 156) (140, 170) 140 140
79 1001252_02_CM.txt 77 77 77 (120, 156) (120, 170) 120 120
80 1026442_02_CM.txt 78 78 78 (172, 156) (172, 170) 172 172
81 1047102_02_CM.txt 79 79 79 (91, 156) (91, 170) 91 91
82 1057562_02_CM.txt 80 80 80 (95, 156) (95, 170) 95 95
83 1047262_02_CM.txt 81 81 81 (99, 156) (99, 170) 99 99
84 1047022_02_CM.txt 82 82 82 (150, 156) (150, 170) 150 150
85 1071742_02_KH.txt 83 83 83 (93, 156) (93, 170) 93 93
86 1083402_02_CM.txt 84 84 84 (60, 156) (60, 170) 60 60
87 1070112_02_KH.txt 85 85 85 (176, 156) (176, 170) 176 176
89 1042372_02_CM.txt 86 86 86 (64, 156) (64, 170) 64 64
90 1066612_02_CM.txt 87 87 87 (180, 156) (180, 170) 180 180
91 1026162_02_KH.txt 88 88 88 (128, 156) (128, 170) 128 128
92 1105372_02_KH.txt 89 89 89 (145, 156) (145, 170) 145 145
93 1006652_02_CM.txt 90 90 90 (66, 156) (66, 170) 66 66
94 1039282_02_KH.txt 91 91 91 (154, 156) (154, 170) 154 154
95 1047072_02_KH.txt 92 92 92 (135, 156) (135, 170) 135 135
96 1000322_02_CM.txt 93 93 93 (137, 156) (137, 170) 137 137
97 1004532_02_CM.txt 94 94 94 (118, 156) (118, 170) 118 118
98 1011362_02_CM.txt 95 95 95 (143, 156) (143, 170) 143 143
99 1109062_02_KH.txt 96 96 96 (260, 156) (260, 170) 260 260
100 1023382_02_CM.txt 97 97 97 (261, 156) (261, 170) 261 261
101 1092432_02_KH.txt 98 98 98 (170, 156) (170, 170) 170 170
102 1082892_02_CM.txt 99 99 99 (120, 156) (120, 170) 120 120
103 1026122_02_KH.txt 100 100 100 (95, 156) (95, 170) 95 95
104 1030852_02_CM.txt 101 101 101 (175, 156) (175, 170) 175 175
105 1097512_02_KH.txt 102 102 102 (133, 156) (133, 170) 133 133
106 1106092_02_CM.txt 103 103 103 (93, 156) (93, 170) 93 93
107 1016272_02_CM.txt 104 104 104 (32, 156) (32, 170) 32 32
108 1059892_02_CM.txt 105 105 105 (161, 156) (161, 170) 161 161
109 1026502_02_KH.txt 106 106 106 (57, 156) (57, 170) 57 57
110 1048132_02_KH.txt 107 107 107 (129, 156) (129, 170) 129 129
111 1046882_02_CM.txt 108 108 108 (96, 156) (96, 170) 96 96
112 1076482_02_CM.txt 109 109 109 (94, 156) (94, 170) 94 94
113 1004952_02_CM.txt 110 110 110 (109, 156) (109, 170) 109 109
114 1026822_02_CM.txt 111 111 111 (94, 156) (94, 170) 94 94
115 1013792_02_KH.txt 112 112 112 (209, 156) (209, 170) 209 209
116 1026392_02_CM.txt 113 113 113 (100, 156) (100, 170) 100 100
117 1045962_02_CM.txt 114 114 114 (100, 156) (100, 170) 100 100
118 1078142_02_KH.txt 115 115 115 (96, 156) (96, 170) 96 96
119 1107882_02_CM.txt 116 116 116 (130, 156) (130, 170) 130 130
120 1019322_02_KH.txt 117 117 117 (170, 156) (170, 170) 170 170
121 1029902_02_KH.txt 118 118 118 (159, 156) (159, 170) 159 159
122 1069702_02_KH.txt 119 119 119 (166, 156) (166, 170) 166 166
123 1047092_02_CM.txt 120 120 120 (66, 156) (66, 170) 66 66
124 1021472_02_KH.txt 121 121 121 (156, 156) (156, 170) 156 156
Fold  5
0 1026192_02_CM.txt 1 1 1 (92, 156) (92, 170) 92 92
1 1008132_02_CM.txt 2 2 2 (154, 156) (154, 170) 154 154
2 1058422_02_KH.txt 3 3 3 (138, 156) (138, 170) 138 138
3 1006402_02_KH.txt 4 4 4 (112, 156) (112, 170) 112 112
4 1010462_02_CM.txt 5 5 5 (186, 156) (186, 170) 186 186
5 1078142_02_KH.txt 6 6 6 (96, 156) (96, 170) 96 96
6 1011352_02_KH.txt 7 7 7 (93, 156) (93, 170) 93 93
7 1052442_02_KH.txt 8 8 8 (124, 156) (124, 170) 124 124
8 1011402_02_KH.txt 9 9 9 (107, 156) (107, 170) 107 107
9 1106092_02_CM.txt 10 10 10 (93, 156) (93, 170) 93 93
10 1004952_02_CM.txt 11 11 11 (109, 156) (109, 170) 109 109
11 1001252_02_CM.txt 12 12 12 (120, 156) (120, 170) 120 120
12 1110532_02_CM.txt 13 13 13 (115, 156) (115, 170) 115 115
0 1026292_02_KH.txt 1 1 1 (131, 156) (131, 170) 131 131
1 1026392_02_CM.txt 2 2 2 (100, 156) (100, 170) 100 100
2 1026442_02_CM.txt 3 3 3 (172, 156) (172, 170) 172 172
3 1026592_02_CM.txt 4 4 4 (132, 156) (132, 170) 132 132
4 1026822_02_CM.txt 5 5 5 (94, 156) (94, 170) 94 94
5 1028312_02_CM.txt 6 6 6 (127, 156) (127, 170) 127 127
6 1028622_02_CM.txt 7 7 7 (156, 156) (156, 170) 156 156
7 1044802_02_CM.txt 8 8 8 (95, 156) (95, 170) 95 95
8 1044972_02_KH.txt 9 9 9 (158, 156) (158, 170) 158 158
9 1046882_02_CM.txt 10 10 10 (96, 156) (96, 170) 96 96
10 1047022_02_CM.txt 11 11 11 (150, 156) (150, 170) 150 150
11 1047072_02_KH.txt 12 12 12 (135, 156) (135, 170) 135 135
12 1047092_02_CM.txt 13 13 13 (66, 156) (66, 170) 66 66
13 1047112_02_CM.txt 14 14 14 (87, 156) (87, 170) 87 87
14 1047172_02_CM.txt 15 15 15 (138, 156) (138, 170) 138 138
15 1047202_02_CM.txt 16 16 16 (40, 156) (40, 170) 40 40
0 1041702_02_KH.txt 1 1 1 (130, 156) (130, 170) 130 130
1 1029902_02_KH.txt 2 2 2 (159, 156) (159, 170) 159 159
2 1024022_02_KH.txt 3 3 3 (178, 156) (178, 170) 178 178
3 1004042_02_KH.txt 4 4 4 (124, 156) (124, 170) 124 124
4 1031142_02_KH.txt 5 5 5 (92, 156) (92, 170) 92 92
5 1010542_02_KH.txt 6 6 6 (203, 156) (203, 170) 203 203
6 1057362_02_CM.txt 7 7 7 (72, 156) (72, 170) 72 72
7 1020682_02_CM.txt 8 8 8 (147, 156) (147, 170) 147 147
8 1097512_02_KH.txt 9 9 9 (133, 156) (133, 170) 133 133
9 1016222_02_KH.txt 10 10 10 (122, 156) (122, 170) 122 122
11 1101672_02_CM.txt 11 11 11 (77, 156) (77, 170) 77 77
12 1030372_02_KH.txt 12 12 12 (120, 156) (120, 170) 120 120
13 1013172_02_CM.txt 13 13 13 (30, 156) (30, 170) 30 30
14 1067492_02_CM.txt 14 14 14 (143, 156) (143, 170) 143 143
15 1011312_02_KH.txt 15 15 15 (118, 156) (118, 170) 118 118
16 1082352_02_KH.txt 16 16 16 (142, 156) (142, 170) 142 142
17 1086032_02_CM.txt 17 17 17 (122, 156) (122, 170) 122 122
18 1033382_02_KH.txt 18 18 18 (124, 156) (124, 170) 124 124
19 1069702_02_KH.txt 19 19 19 (166, 156) (166, 170) 166 166
20 1050312_02_KH.txt 20 20 20 (97, 156) (97, 170) 97 97
21 1109062_02_KH.txt 21 21 21 (260, 156) (260, 170) 260 260
22 1047042_02_CM.txt 22 22 22 (105, 156) (105, 170) 105 105
23 1016322_02_CM.txt 23 23 23 (154, 156) (154, 170) 154 154
24 1026122_02_KH.txt 24 24 24 (95, 156) (95, 170) 95 95
25 1022442_02_CM.txt 25 25 25 (207, 156) (207, 170) 207 207
26 1030852_02_CM.txt 26 26 26 (175, 156) (175, 170) 175 175
27 1032032_02_KH.txt 27 27 27 (275, 156) (275, 170) 275 275
28 1111182_02_CM.txt 28 28 28 (50, 156) (50, 170) 50 50
29 1035422_02_CM.txt 29 29 29 (225, 156) (225, 170) 225 225
30 1050392_02_CM.txt 30 30 30 (121, 156) (121, 170) 121 121
31 1017522_02_CM.txt 31 31 31 (71, 156) (71, 170) 71 71
32 1026162_02_KH.txt 32 32 32 (128, 156) (128, 170) 128 128
33 1083402_02_CM.txt 33 33 33 (60, 156) (60, 170) 60 60
34 1105682_02_CM.txt 34 34 34 (81, 156) (81, 170) 81 81
35 1056312_02_CM.txt 35 35 35 (119, 156) (119, 170) 119 119
36 1016192_02_CM.txt 36 36 36 (71, 156) (71, 170) 71 71
37 1008192_02_CM.txt 37 37 37 (132, 156) (132, 170) 132 132
38 1039282_02_KH.txt 38 38 38 (154, 156) (154, 170) 154 154
39 1089792_02_KH.txt 39 39 39 (170, 156) (170, 170) 170 170
40 1039062_02_KH.txt 40 40 40 (158, 156) (158, 170) 158 158
41 1042972_02_KH.txt 41 41 41 (114, 156) (114, 170) 114 114
42 1000322_02_CM.txt 42 42 42 (137, 156) (137, 170) 137 137
43 1090322_02_KH.txt 43 43 43 (156, 156) (156, 170) 156 156
45 1057442_02_CM.txt 44 44 44 (107, 156) (107, 170) 107 107
46 1020132_02_KH.txt 45 45 45 (140, 156) (140, 170) 140 140
47 1047102_02_CM.txt 46 46 46 (91, 156) (91, 170) 91 91
48 1045962_02_CM.txt 47 47 47 (100, 156) (100, 170) 100 100
49 1046952_02_CM.txt 48 48 48 (100, 156) (100, 170) 100 100
50 1041762_02_KH.txt 49 49 49 (147, 156) (147, 170) 147 147
51 1087502_02_CM.txt 50 50 50 (56, 156) (56, 170) 56 56
52 1105372_02_KH.txt 51 51 51 (145, 156) (145, 170) 145 145
53 1079072_02_CM.txt 52 52 52 (92, 156) (92, 170) 92 92
54 1021472_02_KH.txt 53 53 53 (156, 156) (156, 170) 156 156
55 1019802_02_CM.txt 54 54 54 (155, 156) (155, 170) 155 155
56 1026532_02_KH.txt 55 55 55 (195, 156) (195, 170) 195 195
57 1070112_02_KH.txt 56 56 56 (176, 156) (176, 170) 176 176
59 1000172_02_KH.txt 57 57 57 (109, 156) (109, 170) 109 109
60 1006372_02_KH.txt 58 58 58 (104, 156) (104, 170) 104 104
61 1092432_02_KH.txt 59 59 59 (170, 156) (170, 170) 170 170
62 1084092_02_CM.txt 60 60 60 (206, 156) (206, 170) 206 206
63 1041852_02_CM.txt 61 61 61 (68, 156) (68, 170) 68 68
64 1058502_02_CM.txt 62 62 62 (132, 156) (132, 170) 132 132
65 1049042_02_CM.txt 63 63 63 (156, 156) (156, 170) 156 156
66 1029722_02_KH.txt 64 64 64 (179, 156) (179, 170) 179 179
67 1011412_02_CM.txt 65 65 65 (86, 156) (86, 170) 86 86
68 1047262_02_CM.txt 66 66 66 (99, 156) (99, 170) 99 99
69 1006652_02_CM.txt 67 67 67 (66, 156) (66, 170) 66 66
70 1007092_02_CM.txt 68 68 68 (144, 156) (144, 170) 144 144
71 1023382_02_CM.txt 69 69 69 (261, 156) (261, 170) 261 261
72 1059892_02_CM.txt 70 70 70 (161, 156) (161, 170) 161 161
73 1085332_02_CM.txt 71 71 71 (115, 156) (115, 170) 115 115
74 1026502_02_KH.txt 72 72 72 (57, 156) (57, 170) 57 57
75 1036562_02_CM.txt 73 73 73 (103, 156) (103, 170) 103 103
76 1007762_02_KH.txt 74 74 74 (140, 156) (140, 170) 140 140
77 1013732_02_CM.txt 75 75 75 (143, 156) (143, 170) 143 143
78 1042372_02_CM.txt 76 76 76 (64, 156) (64, 170) 64 64
79 1021332_02_CM.txt 77 77 77 (193, 156) (193, 170) 193 193
80 1057292_02_KH.txt 78 78 78 (172, 156) (172, 170) 172 172
81 1048132_02_KH.txt 79 79 79 (129, 156) (129, 170) 129 129
82 1019322_02_KH.txt 80 80 80 (170, 156) (170, 170) 170 170
83 1066612_02_CM.txt 81 81 81 (180, 156) (180, 170) 180 180
84 1107882_02_CM.txt 82 82 82 (130, 156) (130, 170) 130 130
86 1079252_02_KH.txt 83 83 83 (133, 156) (133, 170) 133 133
87 1006692_02_CM.txt 84 84 84 (153, 156) (153, 170) 153 153
88 1036792_02_CM.txt 85 85 85 (194, 156) (194, 170) 194 194
89 1057562_02_CM.txt 86 86 86 (95, 156) (95, 170) 95 95
90 1016272_02_CM.txt 87 87 87 (32, 156) (32, 170) 32 32
91 1082892_02_CM.txt 88 88 88 (120, 156) (120, 170) 120 120
92 1036842_02_KH.txt 89 89 89 (133, 156) (133, 170) 133 133
93 1048582_02_CM.txt 90 90 90 (123, 156) (123, 170) 123 123
94 1076262_02_CM.txt 91 91 91 (208, 156) (208, 170) 208 208
95 1012472_02_CM.txt 92 92 92 (80, 156) (80, 170) 80 80
96 1011422_02_CM.txt 93 93 93 (190, 156) (190, 170) 190 190
97 1012242_02_CM.txt 94 94 94 (112, 156) (112, 170) 112 112
98 1071742_02_KH.txt 95 95 95 (93, 156) (93, 170) 93 93
99 1024252_02_KH.txt 96 96 96 (104, 156) (104, 170) 104 104
100 1057382_02_CM.txt 97 97 97 (117, 156) (117, 170) 117 117
101 1075962_02_CM.txt 98 98 98 (221, 156) (221, 170) 221 221
102 1013792_02_KH.txt 99 99 99 (209, 156) (209, 170) 209 209
103 1020192_02_CM.txt 100 100 100 (222, 156) (222, 170) 222 222
104 1006782_02_CM.txt 101 101 101 (46, 156) (46, 170) 46 46
105 1016292_02_CM.txt 102 102 102 (148, 156) (148, 170) 148 148
106 1041482_02_KH.txt 103 103 103 (142, 156) (142, 170) 142 142
107 1004532_02_CM.txt 104 104 104 (118, 156) (118, 170) 118 118
108 1036282_02_CM.txt 105 105 105 (150, 156) (150, 170) 150 150
109 1002932_02_KH.txt 106 106 106 (87, 156) (87, 170) 87 87
110 1011362_02_CM.txt 107 107 107 (143, 156) (143, 170) 143 143
111 1044882_02_KH.txt 108 108 108 (194, 156) (194, 170) 194 194
112 1041202_02_CM.txt 109 109 109 (92, 156) (92, 170) 92 92
113 1013872_02_KH.txt 110 110 110 (141, 156) (141, 170) 141 141
114 1061792_02_KH.txt 111 111 111 (52, 156) (52, 170) 52 52
115 1049092_02_CM.txt 112 112 112 (197, 156) (197, 170) 197 197
116 1076482_02_CM.txt 113 113 113 (94, 156) (94, 170) 94 94
117 1095942_02_KH.txt 114 114 114 (273, 156) (273, 170) 273 273
118 1026182_02_CM.txt 115 115 115 (128, 156) (128, 170) 128 128
119 1026902_02_KH.txt 116 116 116 (155, 156) (155, 170) 155 155
120 1008122_02_CM.txt 117 117 117 (51, 156) (51, 170) 51 51
121 1023162_02_KH.txt 118 118 118 (162, 156) (162, 170) 162 162
122 1021082_02_CM.txt 119 119 119 (110, 156) (110, 170) 110 110
Fold  6
0 1048582_02_CM.txt 1 1 1 (123, 156) (123, 170) 123 123
1 1004532_02_CM.txt 2 2 2 (118, 156) (118, 170) 118 118
2 1049092_02_CM.txt 3 3 3 (197, 156) (197, 170) 197 197
3 1047022_02_CM.txt 4 4 4 (150, 156) (150, 170) 150 150
4 1019322_02_KH.txt 5 5 5 (170, 156) (170, 170) 170 170
5 1007092_02_CM.txt 6 6 6 (144, 156) (144, 170) 144 144
6 1020132_02_KH.txt 7 7 7 (140, 156) (140, 170) 140 140
7 1058502_02_CM.txt 8 8 8 (132, 156) (132, 170) 132 132
8 1001252_02_CM.txt 9 9 9 (120, 156) (120, 170) 120 120
9 1084092_02_CM.txt 10 10 10 (206, 156) (206, 170) 206 206
10 1022442_02_CM.txt 11 11 11 (207, 156) (207, 170) 207 207
11 1047202_02_CM.txt 12 12 12 (40, 156) (40, 170) 40 40
12 1095942_02_KH.txt 13 13 13 (273, 156) (273, 170) 273 273
0 1029902_02_KH.txt 1 1 1 (159, 156) (159, 170) 159 159
1 1030372_02_KH.txt 2 2 2 (120, 156) (120, 170) 120 120
2 1031142_02_KH.txt 3 3 3 (92, 156) (92, 170) 92 92
3 1036792_02_CM.txt 4 4 4 (194, 156) (194, 170) 194 194
4 1039062_02_KH.txt 5 5 5 (158, 156) (158, 170) 158 158
5 1039282_02_KH.txt 6 6 6 (154, 156) (154, 170) 154 154
6 1041762_02_KH.txt 7 7 7 (147, 156) (147, 170) 147 147
7 1047262_02_CM.txt 8 8 8 (99, 156) (99, 170) 99 99
8 1049042_02_CM.txt 9 9 9 (156, 156) (156, 170) 156 156
9 1052442_02_KH.txt 10 10 10 (124, 156) (124, 170) 124 124
10 1056312_02_CM.txt 11 11 11 (119, 156) (119, 170) 119 119
11 1057292_02_KH.txt 12 12 12 (172, 156) (172, 170) 172 172
12 1057362_02_CM.txt 13 13 13 (72, 156) (72, 170) 72 72
13 1057382_02_CM.txt 14 14 14 (117, 156) (117, 170) 117 117
14 1057442_02_CM.txt 15 15 15 (107, 156) (107, 170) 107 107
15 1057562_02_CM.txt 16 16 16 (95, 156) (95, 170) 95 95
0 1059892_02_CM.txt 1 1 1 (161, 156) (161, 170) 161 161
1 1042372_02_CM.txt 2 2 2 (64, 156) (64, 170) 64 64
2 1107882_02_CM.txt 3 3 3 (130, 156) (130, 170) 130 130
3 1083402_02_CM.txt 4 4 4 (60, 156) (60, 170) 60 60
4 1047172_02_CM.txt 5 5 5 (138, 156) (138, 170) 138 138
5 1047112_02_CM.txt 6 6 6 (87, 156) (87, 170) 87 87
6 1106092_02_CM.txt 7 7 7 (93, 156) (93, 170) 93 93
7 1006692_02_CM.txt 8 8 8 (153, 156) (153, 170) 153 153
8 1011412_02_CM.txt 9 9 9 (86, 156) (86, 170) 86 86
9 1016192_02_CM.txt 10 10 10 (71, 156) (71, 170) 71 71
10 1002932_02_KH.txt 11 11 11 (87, 156) (87, 170) 87 87
11 1044972_02_KH.txt 12 12 12 (158, 156) (158, 170) 158 158
12 1012242_02_CM.txt 13 13 13 (112, 156) (112, 170) 112 112
13 1047092_02_CM.txt 14 14 14 (66, 156) (66, 170) 66 66
14 1028622_02_CM.txt 15 15 15 (156, 156) (156, 170) 156 156
15 1026592_02_CM.txt 16 16 16 (132, 156) (132, 170) 132 132
16 1032032_02_KH.txt 17 17 17 (275, 156) (275, 170) 275 275
17 1016292_02_CM.txt 18 18 18 (148, 156) (148, 170) 148 148
18 1076262_02_CM.txt 19 19 19 (208, 156) (208, 170) 208 208
19 1000322_02_CM.txt 20 20 20 (137, 156) (137, 170) 137 137
20 1105372_02_KH.txt 21 21 21 (145, 156) (145, 170) 145 145
21 1010462_02_CM.txt 22 22 22 (186, 156) (186, 170) 186 186
22 1066612_02_CM.txt 23 23 23 (180, 156) (180, 170) 180 180
23 1016322_02_CM.txt 24 24 24 (154, 156) (154, 170) 154 154
24 1011362_02_CM.txt 25 25 25 (143, 156) (143, 170) 143 143
25 1078142_02_KH.txt 26 26 26 (96, 156) (96, 170) 96 96
26 1021472_02_KH.txt 27 27 27 (156, 156) (156, 170) 156 156
27 1024022_02_KH.txt 28 28 28 (178, 156) (178, 170) 178 178
29 1016272_02_CM.txt 29 29 29 (32, 156) (32, 170) 32 32
30 1019802_02_CM.txt 30 30 30 (155, 156) (155, 170) 155 155
31 1079252_02_KH.txt 31 31 31 (133, 156) (133, 170) 133 133
32 1061792_02_KH.txt 32 32 32 (52, 156) (52, 170) 52 52
33 1013792_02_KH.txt 33 33 33 (209, 156) (209, 170) 209 209
34 1047102_02_CM.txt 34 34 34 (91, 156) (91, 170) 91 91
35 1046952_02_CM.txt 35 35 35 (100, 156) (100, 170) 100 100
36 1021082_02_CM.txt 36 36 36 (110, 156) (110, 170) 110 110
37 1012472_02_CM.txt 37 37 37 (80, 156) (80, 170) 80 80
38 1026532_02_KH.txt 38 38 38 (195, 156) (195, 170) 195 195
39 1006402_02_KH.txt 39 39 39 (112, 156) (112, 170) 112 112
40 1110532_02_CM.txt 40 40 40 (115, 156) (115, 170) 115 115
41 1026192_02_CM.txt 41 41 41 (92, 156) (92, 170) 92 92
42 1026902_02_KH.txt 42 42 42 (155, 156) (155, 170) 155 155
43 1020682_02_CM.txt 43 43 43 (147, 156) (147, 170) 147 147
44 1079072_02_CM.txt 44 44 44 (92, 156) (92, 170) 92 92
45 1105682_02_CM.txt 45 45 45 (81, 156) (81, 170) 81 81
47 1076482_02_CM.txt 46 46 46 (94, 156) (94, 170) 94 94
48 1011352_02_KH.txt 47 47 47 (93, 156) (93, 170) 93 93
49 1000172_02_KH.txt 48 48 48 (109, 156) (109, 170) 109 109
50 1029722_02_KH.txt 49 49 49 (179, 156) (179, 170) 179 179
51 1047072_02_KH.txt 50 50 50 (135, 156) (135, 170) 135 135
52 1006782_02_CM.txt 51 51 51 (46, 156) (46, 170) 46 46
53 1097512_02_KH.txt 52 52 52 (133, 156) (133, 170) 133 133
54 1087502_02_CM.txt 53 53 53 (56, 156) (56, 170) 56 56
55 1013172_02_CM.txt 54 54 54 (30, 156) (30, 170) 30 30
56 1008122_02_CM.txt 55 55 55 (51, 156) (51, 170) 51 51
57 1082352_02_KH.txt 56 56 56 (142, 156) (142, 170) 142 142
58 1109062_02_KH.txt 57 57 57 (260, 156) (260, 170) 260 260
59 1008132_02_CM.txt 58 58 58 (154, 156) (154, 170) 154 154
60 1041852_02_CM.txt 59 59 59 (68, 156) (68, 170) 68 68
61 1101672_02_CM.txt 60 60 60 (77, 156) (77, 170) 77 77
62 1036562_02_CM.txt 61 61 61 (103, 156) (103, 170) 103 103
63 1041702_02_KH.txt 62 62 62 (130, 156) (130, 170) 130 130
64 1007762_02_KH.txt 63 63 63 (140, 156) (140, 170) 140 140
65 1008192_02_CM.txt 64 64 64 (132, 156) (132, 170) 132 132
66 1026292_02_KH.txt 65 65 65 (131, 156) (131, 170) 131 131
67 1023162_02_KH.txt 66 66 66 (162, 156) (162, 170) 162 162
68 1050392_02_CM.txt 67 67 67 (121, 156) (121, 170) 121 121
69 1028312_02_CM.txt 68 68 68 (127, 156) (127, 170) 127 127
70 1026442_02_CM.txt 69 69 69 (172, 156) (172, 170) 172 172
71 1017522_02_CM.txt 70 70 70 (71, 156) (71, 170) 71 71
72 1026162_02_KH.txt 71 71 71 (128, 156) (128, 170) 128 128
73 1111182_02_CM.txt 72 72 72 (50, 156) (50, 170) 50 50
74 1023382_02_CM.txt 73 73 73 (261, 156) (261, 170) 261 261
75 1006652_02_CM.txt 74 74 74 (66, 156) (66, 170) 66 66
76 1070112_02_KH.txt 75 75 75 (176, 156) (176, 170) 176 176
77 1026822_02_CM.txt 76 76 76 (94, 156) (94, 170) 94 94
78 1071742_02_KH.txt 77 77 77 (93, 156) (93, 170) 93 93
79 1004952_02_CM.txt 78 78 78 (109, 156) (109, 170) 109 109
80 1075962_02_CM.txt 79 79 79 (221, 156) (221, 170) 221 221
81 1004042_02_KH.txt 80 80 80 (124, 156) (124, 170) 124 124
82 1016222_02_KH.txt 81 81 81 (122, 156) (122, 170) 122 122
83 1044882_02_KH.txt 82 82 82 (194, 156) (194, 170) 194 194
84 1041482_02_KH.txt 83 83 83 (142, 156) (142, 170) 142 142
85 1047042_02_CM.txt 84 84 84 (105, 156) (105, 170) 105 105
86 1048132_02_KH.txt 85 85 85 (129, 156) (129, 170) 129 129
87 1042972_02_KH.txt 86 86 86 (114, 156) (114, 170) 114 114
88 1082892_02_CM.txt 87 87 87 (120, 156) (120, 170) 120 120
90 1010542_02_KH.txt 88 88 88 (203, 156) (203, 170) 203 203
91 1036842_02_KH.txt 89 89 89 (133, 156) (133, 170) 133 133
92 1033382_02_KH.txt 90 90 90 (124, 156) (124, 170) 124 124
93 1011312_02_KH.txt 91 91 91 (118, 156) (118, 170) 118 118
94 1026502_02_KH.txt 92 92 92 (57, 156) (57, 170) 57 57
95 1026122_02_KH.txt 93 93 93 (95, 156) (95, 170) 95 95
96 1030852_02_CM.txt 94 94 94 (175, 156) (175, 170) 175 175
97 1024252_02_KH.txt 95 95 95 (104, 156) (104, 170) 104 104
98 1013732_02_CM.txt 96 96 96 (143, 156) (143, 170) 143 143
99 1067492_02_CM.txt 97 97 97 (143, 156) (143, 170) 143 143
100 1092432_02_KH.txt 98 98 98 (170, 156) (170, 170) 170 170
101 1021332_02_CM.txt 99 99 99 (193, 156) (193, 170) 193 193
102 1036282_02_CM.txt 100 100 100 (150, 156) (150, 170) 150 150
103 1046882_02_CM.txt 101 101 101 (96, 156) (96, 170) 96 96
105 1026392_02_CM.txt 102 102 102 (100, 156) (100, 170) 100 100
106 1089792_02_KH.txt 103 103 103 (170, 156) (170, 170) 170 170
107 1069702_02_KH.txt 104 104 104 (166, 156) (166, 170) 166 166
108 1086032_02_CM.txt 105 105 105 (122, 156) (122, 170) 122 122
109 1041202_02_CM.txt 106 106 106 (92, 156) (92, 170) 92 92
110 1085332_02_CM.txt 107 107 107 (115, 156) (115, 170) 115 115
111 1006372_02_KH.txt 108 108 108 (104, 156) (104, 170) 104 104
112 1090322_02_KH.txt 109 109 109 (156, 156) (156, 170) 156 156
113 1058422_02_KH.txt 110 110 110 (138, 156) (138, 170) 138 138
114 1045962_02_CM.txt 111 111 111 (100, 156) (100, 170) 100 100
115 1044802_02_CM.txt 112 112 112 (95, 156) (95, 170) 95 95
116 1011402_02_KH.txt 113 113 113 (107, 156) (107, 170) 107 107
117 1035422_02_CM.txt 114 114 114 (225, 156) (225, 170) 225 225
118 1026182_02_CM.txt 115 115 115 (128, 156) (128, 170) 128 128
119 1020192_02_CM.txt 116 116 116 (222, 156) (222, 170) 222 222
120 1013872_02_KH.txt 117 117 117 (141, 156) (141, 170) 141 141
121 1050312_02_KH.txt 118 118 118 (97, 156) (97, 170) 97 97
122 1011422_02_CM.txt 119 119 119 (190, 156) (190, 170) 190 190
Fold  7
0 1021472_02_KH.txt 1 1 1 (156, 156) (156, 170) 156 156
1 1076482_02_CM.txt 2 2 2 (94, 156) (94, 170) 94 94
2 1109062_02_KH.txt 3 3 3 (260, 156) (260, 170) 260 260
3 1019322_02_KH.txt 4 4 4 (170, 156) (170, 170) 170 170
4 1079072_02_CM.txt 5 5 5 (92, 156) (92, 170) 92 92
5 1047172_02_CM.txt 6 6 6 (138, 156) (138, 170) 138 138
6 1010462_02_CM.txt 7 7 7 (186, 156) (186, 170) 186 186
7 1004952_02_CM.txt 8 8 8 (109, 156) (109, 170) 109 109
8 1021082_02_CM.txt 9 9 9 (110, 156) (110, 170) 110 110
9 1017522_02_CM.txt 10 10 10 (71, 156) (71, 170) 71 71
10 1042972_02_KH.txt 11 11 11 (114, 156) (114, 170) 114 114
11 1011312_02_KH.txt 12 12 12 (118, 156) (118, 170) 118 118
12 1057362_02_CM.txt 13 13 13 (72, 156) (72, 170) 72 72
13 1020132_02_KH.txt 14 14 14 (140, 156) (140, 170) 140 140
0 1041852_02_CM.txt 1 1 1 (68, 156) (68, 170) 68 68
1 1042372_02_CM.txt 2 2 2 (64, 156) (64, 170) 64 64
2 1044882_02_KH.txt 3 3 3 (194, 156) (194, 170) 194 194
3 1045962_02_CM.txt 4 4 4 (100, 156) (100, 170) 100 100
4 1046952_02_CM.txt 5 5 5 (100, 156) (100, 170) 100 100
5 1047042_02_CM.txt 6 6 6 (105, 156) (105, 170) 105 105
6 1047102_02_CM.txt 7 7 7 (91, 156) (91, 170) 91 91
7 1058422_02_KH.txt 8 8 8 (138, 156) (138, 170) 138 138
8 1058502_02_CM.txt 9 9 9 (132, 156) (132, 170) 132 132
9 1059892_02_CM.txt 10 10 10 (161, 156) (161, 170) 161 161
10 1061792_02_KH.txt 11 11 11 (52, 156) (52, 170) 52 52
12 1066612_02_CM.txt 12 12 12 (180, 156) (180, 170) 180 180
13 1067492_02_CM.txt 13 13 13 (143, 156) (143, 170) 143 143
14 1071742_02_KH.txt 14 14 14 (93, 156) (93, 170) 93 93
0 1020192_02_CM.txt 1 1 1 (222, 156) (222, 170) 222 222
1 1057442_02_CM.txt 2 2 2 (107, 156) (107, 170) 107 107
2 1056312_02_CM.txt 3 3 3 (119, 156) (119, 170) 119 119
3 1046882_02_CM.txt 4 4 4 (96, 156) (96, 170) 96 96
4 1007092_02_CM.txt 5 5 5 (144, 156) (144, 170) 144 144
5 1047092_02_CM.txt 6 6 6 (66, 156) (66, 170) 66 66
6 1001252_02_CM.txt 7 7 7 (120, 156) (120, 170) 120 120
7 1075962_02_CM.txt 8 8 8 (221, 156) (221, 170) 221 221
8 1029902_02_KH.txt 9 9 9 (159, 156) (159, 170) 159 159
9 1004532_02_CM.txt 10 10 10 (118, 156) (118, 170) 118 118
10 1011362_02_CM.txt 11 11 11 (143, 156) (143, 170) 143 143
11 1084092_02_CM.txt 12 12 12 (206, 156) (206, 170) 206 206
12 1026902_02_KH.txt 13 13 13 (155, 156) (155, 170) 155 155
13 1111182_02_CM.txt 14 14 14 (50, 156) (50, 170) 50 50
14 1089792_02_KH.txt 15 15 15 (170, 156) (170, 170) 170 170
15 1052442_02_KH.txt 16 16 16 (124, 156) (124, 170) 124 124
16 1006402_02_KH.txt 17 17 17 (112, 156) (112, 170) 112 112
17 1026392_02_CM.txt 18 18 18 (100, 156) (100, 170) 100 100
18 1083402_02_CM.txt 19 19 19 (60, 156) (60, 170) 60 60
19 1029722_02_KH.txt 20 20 20 (179, 156) (179, 170) 179 179
20 1039282_02_KH.txt 21 21 21 (154, 156) (154, 170) 154 154
21 1013732_02_CM.txt 22 22 22 (143, 156) (143, 170) 143 143
22 1048582_02_CM.txt 23 23 23 (123, 156) (123, 170) 123 123
23 1022442_02_CM.txt 24 24 24 (207, 156) (207, 170) 207 207
24 1011402_02_KH.txt 25 25 25 (107, 156) (107, 170) 107 107
25 1008132_02_CM.txt 26 26 26 (154, 156) (154, 170) 154 154
26 1110532_02_CM.txt 27 27 27 (115, 156) (115, 170) 115 115
27 1105372_02_KH.txt 28 28 28 (145, 156) (145, 170) 145 145
28 1008122_02_CM.txt 29 29 29 (51, 156) (51, 170) 51 51
29 1057292_02_KH.txt 30 30 30 (172, 156) (172, 170) 172 172
31 1041482_02_KH.txt 31 31 31 (142, 156) (142, 170) 142 142
32 1076262_02_CM.txt 32 32 32 (208, 156) (208, 170) 208 208
33 1016322_02_CM.txt 33 33 33 (154, 156) (154, 170) 154 154
34 1041202_02_CM.txt 34 34 34 (92, 156) (92, 170) 92 92
35 1026192_02_CM.txt 35 35 35 (92, 156) (92, 170) 92 92
36 1024252_02_KH.txt 36 36 36 (104, 156) (104, 170) 104 104
37 1006782_02_CM.txt 37 37 37 (46, 156) (46, 170) 46 46
38 1026822_02_CM.txt 38 38 38 (94, 156) (94, 170) 94 94
39 1023162_02_KH.txt 39 39 39 (162, 156) (162, 170) 162 162
40 1050312_02_KH.txt 40 40 40 (97, 156) (97, 170) 97 97
41 1106092_02_CM.txt 41 41 41 (93, 156) (93, 170) 93 93
42 1006652_02_CM.txt 42 42 42 (66, 156) (66, 170) 66 66
43 1019802_02_CM.txt 43 43 43 (155, 156) (155, 170) 155 155
44 1047262_02_CM.txt 44 44 44 (99, 156) (99, 170) 99 99
45 1041702_02_KH.txt 45 45 45 (130, 156) (130, 170) 130 130
46 1036282_02_CM.txt 46 46 46 (150, 156) (150, 170) 150 150
47 1013172_02_CM.txt 47 47 47 (30, 156) (30, 170) 30 30
48 1036562_02_CM.txt 48 48 48 (103, 156) (103, 170) 103 103
49 1026162_02_KH.txt 49 49 49 (128, 156) (128, 170) 128 128
50 1006692_02_CM.txt 50 50 50 (153, 156) (153, 170) 153 153
51 1031142_02_KH.txt 51 51 51 (92, 156) (92, 170) 92 92
52 1101672_02_CM.txt 52 52 52 (77, 156) (77, 170) 77 77
53 1090322_02_KH.txt 53 53 53 (156, 156) (156, 170) 156 156
54 1086032_02_CM.txt 54 54 54 (122, 156) (122, 170) 122 122
55 1107882_02_CM.txt 55 55 55 (130, 156) (130, 170) 130 130
56 1021332_02_CM.txt 56 56 56 (193, 156) (193, 170) 193 193
57 1012472_02_CM.txt 57 57 57 (80, 156) (80, 170) 80 80
58 1028312_02_CM.txt 58 58 58 (127, 156) (127, 170) 127 127
59 1030852_02_CM.txt 59 59 59 (175, 156) (175, 170) 175 175
60 1011412_02_CM.txt 60 60 60 (86, 156) (86, 170) 86 86
61 1011422_02_CM.txt 61 61 61 (190, 156) (190, 170) 190 190
62 1082352_02_KH.txt 62 62 62 (142, 156) (142, 170) 142 142
63 1047112_02_CM.txt 63 63 63 (87, 156) (87, 170) 87 87
64 1047022_02_CM.txt 64 64 64 (150, 156) (150, 170) 150 150
66 1092432_02_KH.txt 65 65 65 (170, 156) (170, 170) 170 170
67 1026532_02_KH.txt 66 66 66 (195, 156) (195, 170) 195 195
68 1024022_02_KH.txt 67 67 67 (178, 156) (178, 170) 178 178
69 1036792_02_CM.txt 68 68 68 (194, 156) (194, 170) 194 194
70 1050392_02_CM.txt 69 69 69 (121, 156) (121, 170) 121 121
71 1097512_02_KH.txt 70 70 70 (133, 156) (133, 170) 133 133
72 1012242_02_CM.txt 71 71 71 (112, 156) (112, 170) 112 112
73 1048132_02_KH.txt 72 72 72 (129, 156) (129, 170) 129 129
74 1049092_02_CM.txt 73 73 73 (197, 156) (197, 170) 197 197
75 1087502_02_CM.txt 74 74 74 (56, 156) (56, 170) 56 56
76 1008192_02_CM.txt 75 75 75 (132, 156) (132, 170) 132 132
77 1004042_02_KH.txt 76 76 76 (124, 156) (124, 170) 124 124
78 1070112_02_KH.txt 77 77 77 (176, 156) (176, 170) 176 176
79 1044972_02_KH.txt 78 78 78 (158, 156) (158, 170) 158 158
80 1028622_02_CM.txt 79 79 79 (156, 156) (156, 170) 156 156
81 1016192_02_CM.txt 80 80 80 (71, 156) (71, 170) 71 71
82 1047072_02_KH.txt 81 81 81 (135, 156) (135, 170) 135 135
83 1041762_02_KH.txt 82 82 82 (147, 156) (147, 170) 147 147
84 1069702_02_KH.txt 83 83 83 (166, 156) (166, 170) 166 166
85 1035422_02_CM.txt 84 84 84 (225, 156) (225, 170) 225 225
86 1026122_02_KH.txt 85 85 85 (95, 156) (95, 170) 95 95
87 1032032_02_KH.txt 86 86 86 (275, 156) (275, 170) 275 275
88 1026502_02_KH.txt 87 87 87 (57, 156) (57, 170) 57 57
89 1010542_02_KH.txt 88 88 88 (203, 156) (203, 170) 203 203
91 1002932_02_KH.txt 89 89 89 (87, 156) (87, 170) 87 87
92 1047202_02_CM.txt 90 90 90 (40, 156) (40, 170) 40 40
93 1013792_02_KH.txt 91 91 91 (209, 156) (209, 170) 209 209
94 1007762_02_KH.txt 92 92 92 (140, 156) (140, 170) 140 140
95 1085332_02_CM.txt 93 93 93 (115, 156) (115, 170) 115 115
96 1057382_02_CM.txt 94 94 94 (117, 156) (117, 170) 117 117
97 1033382_02_KH.txt 95 95 95 (124, 156) (124, 170) 124 124
98 1000172_02_KH.txt 96 96 96 (109, 156) (109, 170) 109 109
99 1026292_02_KH.txt 97 97 97 (131, 156) (131, 170) 131 131
100 1044802_02_CM.txt 98 98 98 (95, 156) (95, 170) 95 95
101 1023382_02_CM.txt 99 99 99 (261, 156) (261, 170) 261 261
102 1026592_02_CM.txt 100 100 100 (132, 156) (132, 170) 132 132
103 1082892_02_CM.txt 101 101 101 (120, 156) (120, 170) 120 120
104 1000322_02_CM.txt 102 102 102 (137, 156) (137, 170) 137 137
105 1026182_02_CM.txt 103 103 103 (128, 156) (128, 170) 128 128
106 1011352_02_KH.txt 104 104 104 (93, 156) (93, 170) 93 93
107 1030372_02_KH.txt 105 105 105 (120, 156) (120, 170) 120 120
108 1095942_02_KH.txt 106 106 106 (273, 156) (273, 170) 273 273
109 1057562_02_CM.txt 107 107 107 (95, 156) (95, 170) 95 95
110 1016272_02_CM.txt 108 108 108 (32, 156) (32, 170) 32 32
111 1049042_02_CM.txt 109 109 109 (156, 156) (156, 170) 156 156
112 1026442_02_CM.txt 110 110 110 (172, 156) (172, 170) 172 172
113 1006372_02_KH.txt 111 111 111 (104, 156) (104, 170) 104 104
114 1105682_02_CM.txt 112 112 112 (81, 156) (81, 170) 81 81
115 1016222_02_KH.txt 113 113 113 (122, 156) (122, 170) 122 122
116 1036842_02_KH.txt 114 114 114 (133, 156) (133, 170) 133 133
117 1079252_02_KH.txt 115 115 115 (133, 156) (133, 170) 133 133
118 1078142_02_KH.txt 116 116 116 (96, 156) (96, 170) 96 96
119 1016292_02_CM.txt 117 117 117 (148, 156) (148, 170) 148 148
120 1020682_02_CM.txt 118 118 118 (147, 156) (147, 170) 147 147
121 1013872_02_KH.txt 119 119 119 (141, 156) (141, 170) 141 141
122 1039062_02_KH.txt 120 120 120 (158, 156) (158, 170) 158 158
Fold  8
0 1006402_02_KH.txt 1 1 1 (112, 156) (112, 170) 112 112
1 1041762_02_KH.txt 2 2 2 (147, 156) (147, 170) 147 147
2 1087502_02_CM.txt 3 3 3 (56, 156) (56, 170) 56 56
3 1011422_02_CM.txt 4 4 4 (190, 156) (190, 170) 190 190
4 1036562_02_CM.txt 5 5 5 (103, 156) (103, 170) 103 103
5 1057562_02_CM.txt 6 6 6 (95, 156) (95, 170) 95 95
6 1022442_02_CM.txt 7 7 7 (207, 156) (207, 170) 207 207
7 1016272_02_CM.txt 8 8 8 (32, 156) (32, 170) 32 32
8 1061792_02_KH.txt 9 9 9 (52, 156) (52, 170) 52 52
9 1012472_02_CM.txt 10 10 10 (80, 156) (80, 170) 80 80
10 1021082_02_CM.txt 11 11 11 (110, 156) (110, 170) 110 110
11 1028312_02_CM.txt 12 12 12 (127, 156) (127, 170) 127 127
12 1011312_02_KH.txt 13 13 13 (118, 156) (118, 170) 118 118
13 1006652_02_CM.txt 14 14 14 (66, 156) (66, 170) 66 66
14 1046882_02_CM.txt 15 15 15 (96, 156) (96, 170) 96 96
0 1048132_02_KH.txt 1 1 1 (129, 156) (129, 170) 129 129
1 1048582_02_CM.txt 2 2 2 (123, 156) (123, 170) 123 123
2 1049092_02_CM.txt 3 3 3 (197, 156) (197, 170) 197 197
3 1050312_02_KH.txt 4 4 4 (97, 156) (97, 170) 97 97
4 1050392_02_CM.txt 5 5 5 (121, 156) (121, 170) 121 121
5 1069702_02_KH.txt 6 6 6 (166, 156) (166, 170) 166 166
6 1070112_02_KH.txt 7 7 7 (176, 156) (176, 170) 176 176
7 1075962_02_CM.txt 8 8 8 (221, 156) (221, 170) 221 221
8 1076262_02_CM.txt 9 9 9 (208, 156) (208, 170) 208 208
9 1078142_02_KH.txt 10 10 10 (96, 156) (96, 170) 96 96
10 1079072_02_CM.txt 11 11 11 (92, 156) (92, 170) 92 92
11 1079252_02_KH.txt 12 12 12 (133, 156) (133, 170) 133 133
12 1082892_02_CM.txt 13 13 13 (120, 156) (120, 170) 120 120
13 1085332_02_CM.txt 14 14 14 (115, 156) (115, 170) 115 115
14 1086032_02_CM.txt 15 15 15 (122, 156) (122, 170) 122 122
0 1049042_02_CM.txt 1 1 1 (156, 156) (156, 170) 156 156
1 1008192_02_CM.txt 2 2 2 (132, 156) (132, 170) 132 132
2 1047172_02_CM.txt 3 3 3 (138, 156) (138, 170) 138 138
3 1006372_02_KH.txt 4 4 4 (104, 156) (104, 170) 104 104
4 1071742_02_KH.txt 5 5 5 (93, 156) (93, 170) 93 93
5 1066612_02_CM.txt 6 6 6 (180, 156) (180, 170) 180 180
6 1047102_02_CM.txt 7 7 7 (91, 156) (91, 170) 91 91
7 1020192_02_CM.txt 8 8 8 (222, 156) (222, 170) 222 222
8 1036842_02_KH.txt 9 9 9 (133, 156) (133, 170) 133 133
9 1041702_02_KH.txt 10 10 10 (130, 156) (130, 170) 130 130
10 1097512_02_KH.txt 11 11 11 (133, 156) (133, 170) 133 133
11 1006782_02_CM.txt 12 12 12 (46, 156) (46, 170) 46 46
12 1041482_02_KH.txt 13 13 13 (142, 156) (142, 170) 142 142
13 1013172_02_CM.txt 14 14 14 (30, 156) (30, 170) 30 30
14 1026442_02_CM.txt 15 15 15 (172, 156) (172, 170) 172 172
15 1023162_02_KH.txt 16 16 16 (162, 156) (162, 170) 162 162
16 1023382_02_CM.txt 17 17 17 (261, 156) (261, 170) 261 261
17 1004042_02_KH.txt 18 18 18 (124, 156) (124, 170) 124 124
18 1016292_02_CM.txt 19 19 19 (148, 156) (148, 170) 148 148
19 1013732_02_CM.txt 20 20 20 (143, 156) (143, 170) 143 143
20 1012242_02_CM.txt 21 21 21 (112, 156) (112, 170) 112 112
21 1059892_02_CM.txt 22 22 22 (161, 156) (161, 170) 161 161
22 1020682_02_CM.txt 23 23 23 (147, 156) (147, 170) 147 147
23 1058422_02_KH.txt 24 24 24 (138, 156) (138, 170) 138 138
24 1011402_02_KH.txt 25 25 25 (107, 156) (107, 170) 107 107
25 1013872_02_KH.txt 26 26 26 (141, 156) (141, 170) 141 141
26 1019322_02_KH.txt 27 27 27 (170, 156) (170, 170) 170 170
27 1044972_02_KH.txt 28 28 28 (158, 156) (158, 170) 158 158
28 1020132_02_KH.txt 29 29 29 (140, 156) (140, 170) 140 140
29 1026502_02_KH.txt 30 30 30 (57, 156) (57, 170) 57 57
30 1007092_02_CM.txt 31 31 31 (144, 156) (144, 170) 144 144
31 1008132_02_CM.txt 32 32 32 (154, 156) (154, 170) 154 154
32 1000172_02_KH.txt 33 33 33 (109, 156) (109, 170) 109 109
33 1047202_02_CM.txt 34 34 34 (40, 156) (40, 170) 40 40
34 1011352_02_KH.txt 35 35 35 (93, 156) (93, 170) 93 93
35 1010462_02_CM.txt 36 36 36 (186, 156) (186, 170) 186 186
36 1111182_02_CM.txt 37 37 37 (50, 156) (50, 170) 50 50
37 1042972_02_KH.txt 38 38 38 (114, 156) (114, 170) 114 114
38 1024252_02_KH.txt 39 39 39 (104, 156) (104, 170) 104 104
39 1109062_02_KH.txt 40 40 40 (260, 156) (260, 170) 260 260
40 1047042_02_CM.txt 41 41 41 (105, 156) (105, 170) 105 105
41 1019802_02_CM.txt 42 42 42 (155, 156) (155, 170) 155 155
42 1057382_02_CM.txt 43 43 43 (117, 156) (117, 170) 117 117
43 1035422_02_CM.txt 44 44 44 (225, 156) (225, 170) 225 225
44 1016222_02_KH.txt 45 45 45 (122, 156) (122, 170) 122 122
45 1030852_02_CM.txt 46 46 46 (175, 156) (175, 170) 175 175
46 1026902_02_KH.txt 47 47 47 (155, 156) (155, 170) 155 155
47 1044802_02_CM.txt 48 48 48 (95, 156) (95, 170) 95 95
49 1021332_02_CM.txt 49 49 49 (193, 156) (193, 170) 193 193
51 1006692_02_CM.txt 50 50 50 (153, 156) (153, 170) 153 153
52 1029902_02_KH.txt 51 51 51 (159, 156) (159, 170) 159 159
53 1000322_02_CM.txt 52 52 52 (137, 156) (137, 170) 137 137
54 1016192_02_CM.txt 53 53 53 (71, 156) (71, 170) 71 71
55 1052442_02_KH.txt 54 54 54 (124, 156) (124, 170) 124 124
56 1017522_02_CM.txt 55 55 55 (71, 156) (71, 170) 71 71
57 1004952_02_CM.txt 56 56 56 (109, 156) (109, 170) 109 109
58 1026162_02_KH.txt 57 57 57 (128, 156) (128, 170) 128 128
59 1095942_02_KH.txt 58 58 58 (273, 156) (273, 170) 273 273
60 1047112_02_CM.txt 59 59 59 (87, 156) (87, 170) 87 87
61 1039062_02_KH.txt 60 60 60 (158, 156) (158, 170) 158 158
62 1026182_02_CM.txt 61 61 61 (128, 156) (128, 170) 128 128
63 1057362_02_CM.txt 62 62 62 (72, 156) (72, 170) 72 72
64 1004532_02_CM.txt 63 63 63 (118, 156) (118, 170) 118 118
65 1056312_02_CM.txt 64 64 64 (119, 156) (119, 170) 119 119
66 1039282_02_KH.txt 65 65 65 (154, 156) (154, 170) 154 154
67 1013792_02_KH.txt 66 66 66 (209, 156) (209, 170) 209 209
68 1001252_02_CM.txt 67 67 67 (120, 156) (120, 170) 120 120
70 1002932_02_KH.txt 68 68 68 (87, 156) (87, 170) 87 87
71 1090322_02_KH.txt 69 69 69 (156, 156) (156, 170) 156 156
72 1057442_02_CM.txt 70 70 70 (107, 156) (107, 170) 107 107
73 1036792_02_CM.txt 71 71 71 (194, 156) (194, 170) 194 194
74 1026292_02_KH.txt 72 72 72 (131, 156) (131, 170) 131 131
76 1083402_02_CM.txt 73 73 73 (60, 156) (60, 170) 60 60
77 1047072_02_KH.txt 74 74 74 (135, 156) (135, 170) 135 135
78 1016322_02_CM.txt 75 75 75 (154, 156) (154, 170) 154 154
79 1041852_02_CM.txt 76 76 76 (68, 156) (68, 170) 68 68
80 1028622_02_CM.txt 77 77 77 (156, 156) (156, 170) 156 156
81 1026192_02_CM.txt 78 78 78 (92, 156) (92, 170) 92 92
82 1010542_02_KH.txt 79 79 79 (203, 156) (203, 170) 203 203
83 1110532_02_CM.txt 80 80 80 (115, 156) (115, 170) 115 115
84 1092432_02_KH.txt 81 81 81 (170, 156) (170, 170) 170 170
85 1101672_02_CM.txt 82 82 82 (77, 156) (77, 170) 77 77
86 1036282_02_CM.txt 83 83 83 (150, 156) (150, 170) 150 150
87 1082352_02_KH.txt 84 84 84 (142, 156) (142, 170) 142 142
88 1046952_02_CM.txt 85 85 85 (100, 156) (100, 170) 100 100
89 1084092_02_CM.txt 86 86 86 (206, 156) (206, 170) 206 206
90 1030372_02_KH.txt 87 87 87 (120, 156) (120, 170) 120 120
91 1026532_02_KH.txt 88 88 88 (195, 156) (195, 170) 195 195
92 1041202_02_CM.txt 89 89 89 (92, 156) (92, 170) 92 92
93 1011362_02_CM.txt 90 90 90 (143, 156) (143, 170) 143 143
94 1026392_02_CM.txt 91 91 91 (100, 156) (100, 170) 100 100
95 1047092_02_CM.txt 92 92 92 (66, 156) (66, 170) 66 66
96 1008122_02_CM.txt 93 93 93 (51, 156) (51, 170) 51 51
97 1044882_02_KH.txt 94 94 94 (194, 156) (194, 170) 194 194
98 1105372_02_KH.txt 95 95 95 (145, 156) (145, 170) 145 145
99 1058502_02_CM.txt 96 96 96 (132, 156) (132, 170) 132 132
100 1047262_02_CM.txt 97 97 97 (99, 156) (99, 170) 99 99
101 1067492_02_CM.txt 98 98 98 (143, 156) (143, 170) 143 143
102 1007762_02_KH.txt 99 99 99 (140, 156) (140, 170) 140 140
103 1057292_02_KH.txt 100 100 100 (172, 156) (172, 170) 172 172
104 1107882_02_CM.txt 101 101 101 (130, 156) (130, 170) 130 130
105 1042372_02_CM.txt 102 102 102 (64, 156) (64, 170) 64 64
106 1011412_02_CM.txt 103 103 103 (86, 156) (86, 170) 86 86
107 1076482_02_CM.txt 104 104 104 (94, 156) (94, 170) 94 94
108 1024022_02_KH.txt 105 105 105 (178, 156) (178, 170) 178 178
109 1045962_02_CM.txt 106 106 106 (100, 156) (100, 170) 100 100
110 1033382_02_KH.txt 107 107 107 (124, 156) (124, 170) 124 124
111 1089792_02_KH.txt 108 108 108 (170, 156) (170, 170) 170 170
112 1026822_02_CM.txt 109 109 109 (94, 156) (94, 170) 94 94
113 1026592_02_CM.txt 110 110 110 (132, 156) (132, 170) 132 132
114 1031142_02_KH.txt 111 111 111 (92, 156) (92, 170) 92 92
115 1029722_02_KH.txt 112 112 112 (179, 156) (179, 170) 179 179
116 1105682_02_CM.txt 113 113 113 (81, 156) (81, 170) 81 81
117 1047022_02_CM.txt 114 114 114 (150, 156) (150, 170) 150 150
118 1021472_02_KH.txt 115 115 115 (156, 156) (156, 170) 156 156
119 1026122_02_KH.txt 116 116 116 (95, 156) (95, 170) 95 95
120 1032032_02_KH.txt 117 117 117 (275, 156) (275, 170) 275 275
121 1106092_02_CM.txt 118 118 118 (93, 156) (93, 170) 93 93
Fold  9
0 1004952_02_CM.txt 1 1 1 (109, 156) (109, 170) 109 109
1 1010462_02_CM.txt 2 2 2 (186, 156) (186, 170) 186 186
2 1032032_02_KH.txt 3 3 3 (275, 156) (275, 170) 275 275
3 1013872_02_KH.txt 4 4 4 (141, 156) (141, 170) 141 141
4 1046952_02_CM.txt 5 5 5 (100, 156) (100, 170) 100 100
5 1028622_02_CM.txt 6 6 6 (156, 156) (156, 170) 156 156
6 1008122_02_CM.txt 7 7 7 (51, 156) (51, 170) 51 51
7 1076262_02_CM.txt 8 8 8 (208, 156) (208, 170) 208 208
8 1019802_02_CM.txt 9 9 9 (155, 156) (155, 170) 155 155
9 1041852_02_CM.txt 10 10 10 (68, 156) (68, 170) 68 68
10 1017522_02_CM.txt 11 11 11 (71, 156) (71, 170) 71 71
11 1002932_02_KH.txt 12 12 12 (87, 156) (87, 170) 87 87
12 1006782_02_CM.txt 13 13 13 (46, 156) (46, 170) 46 46
13 1041202_02_CM.txt 14 14 14 (92, 156) (92, 170) 92 92
14 1069702_02_KH.txt 15 15 15 (166, 156) (166, 170) 166 166
15 1011422_02_CM.txt 16 16 16 (190, 156) (190, 170) 190 190
0 1076482_02_CM.txt 1 1 1 (94, 156) (94, 170) 94 94
1 1082352_02_KH.txt 2 2 2 (142, 156) (142, 170) 142 142
2 1083402_02_CM.txt 3 3 3 (60, 156) (60, 170) 60 60
3 1084092_02_CM.txt 4 4 4 (206, 156) (206, 170) 206 206
5 1087502_02_CM.txt 5 5 5 (56, 156) (56, 170) 56 56
6 1089792_02_KH.txt 6 6 6 (170, 156) (170, 170) 170 170
8 1090322_02_KH.txt 7 7 7 (156, 156) (156, 170) 156 156
9 1092432_02_KH.txt 8 8 8 (170, 156) (170, 170) 170 170
11 1095942_02_KH.txt 9 9 9 (273, 156) (273, 170) 273 273
12 1097512_02_KH.txt 10 10 10 (133, 156) (133, 170) 133 133
0 1026592_02_CM.txt 1 1 1 (132, 156) (132, 170) 132 132
1 1026822_02_CM.txt 2 2 2 (94, 156) (94, 170) 94 94
2 1010542_02_KH.txt 3 3 3 (203, 156) (203, 170) 203 203
3 1047092_02_CM.txt 4 4 4 (66, 156) (66, 170) 66 66
4 1044972_02_KH.txt 5 5 5 (158, 156) (158, 170) 158 158
5 1000322_02_CM.txt 6 6 6 (137, 156) (137, 170) 137 137
6 1021472_02_KH.txt 7 7 7 (156, 156) (156, 170) 156 156
7 1106092_02_CM.txt 8 8 8 (93, 156) (93, 170) 93 93
8 1046882_02_CM.txt 9 9 9 (96, 156) (96, 170) 96 96
9 1026502_02_KH.txt 10 10 10 (57, 156) (57, 170) 57 57
10 1045962_02_CM.txt 11 11 11 (100, 156) (100, 170) 100 100
11 1011412_02_CM.txt 12 12 12 (86, 156) (86, 170) 86 86
12 1042972_02_KH.txt 13 13 13 (114, 156) (114, 170) 114 114
13 1042372_02_CM.txt 14 14 14 (64, 156) (64, 170) 64 64
14 1041702_02_KH.txt 15 15 15 (130, 156) (130, 170) 130 130
15 1049092_02_CM.txt 16 16 16 (197, 156) (197, 170) 197 197
16 1061792_02_KH.txt 17 17 17 (52, 156) (52, 170) 52 52
17 1050312_02_KH.txt 18 18 18 (97, 156) (97, 170) 97 97
18 1047202_02_CM.txt 19 19 19 (40, 156) (40, 170) 40 40
19 1006692_02_CM.txt 20 20 20 (153, 156) (153, 170) 153 153
20 1047112_02_CM.txt 21 21 21 (87, 156) (87, 170) 87 87
21 1036792_02_CM.txt 22 22 22 (194, 156) (194, 170) 194 194
22 1012472_02_CM.txt 23 23 23 (80, 156) (80, 170) 80 80
23 1028312_02_CM.txt 24 24 24 (127, 156) (127, 170) 127 127
24 1071742_02_KH.txt 25 25 25 (93, 156) (93, 170) 93 93
25 1033382_02_KH.txt 26 26 26 (124, 156) (124, 170) 124 124
26 1085332_02_CM.txt 27 27 27 (115, 156) (115, 170) 115 115
27 1044802_02_CM.txt 28 28 28 (95, 156) (95, 170) 95 95
28 1031142_02_KH.txt 29 29 29 (92, 156) (92, 170) 92 92
29 1026292_02_KH.txt 30 30 30 (131, 156) (131, 170) 131 131
30 1026532_02_KH.txt 31 31 31 (195, 156) (195, 170) 195 195
31 1057562_02_CM.txt 32 32 32 (95, 156) (95, 170) 95 95
32 1067492_02_CM.txt 33 33 33 (143, 156) (143, 170) 143 143
33 1026162_02_KH.txt 34 34 34 (128, 156) (128, 170) 128 128
34 1101672_02_CM.txt 35 35 35 (77, 156) (77, 170) 77 77
35 1047262_02_CM.txt 36 36 36 (99, 156) (99, 170) 99 99
36 1011362_02_CM.txt 37 37 37 (143, 156) (143, 170) 143 143
37 1036562_02_CM.txt 38 38 38 (103, 156) (103, 170) 103 103
38 1107882_02_CM.txt/home/sas479/.local/lib/python3.5/site-packages/pandas/compat/__init__.py:84: UserWarning: Could not import the lzma module. Your installed Python is incomplete. Attempting to use lzma compression will result in a RuntimeError.
  warnings.warn(msg)
/home/sas479/.local/lib/python3.5/site-packages/pandas/compat/__init__.py:84: UserWarning: Could not import the lzma module. Your installed Python is incomplete. Attempting to use lzma compression will result in a RuntimeError.
  warnings.warn(msg)
 39 39 39 (130, 156) (130, 170) 130 130
39 1086032_02_CM.txt 40 40 40 (122, 156) (122, 170) 122 122
40 1023162_02_KH.txt 41 41 41 (162, 156) (162, 170) 162 162
41 1041482_02_KH.txt 42 42 42 (142, 156) (142, 170) 142 142
42 1030852_02_CM.txt 43 43 43 (175, 156) (175, 170) 175 175
43 1013732_02_CM.txt 44 44 44 (143, 156) (143, 170) 143 143
44 1110532_02_CM.txt 45 45 45 (115, 156) (115, 170) 115 115
45 1036842_02_KH.txt 46 46 46 (133, 156) (133, 170) 133 133
46 1058422_02_KH.txt 47 47 47 (138, 156) (138, 170) 138 138
47 1019322_02_KH.txt 48 48 48 (170, 156) (170, 170) 170 170
48 1013172_02_CM.txt 49 49 49 (30, 156) (30, 170) 30 30
49 1057442_02_CM.txt 50 50 50 (107, 156) (107, 170) 107 107
50 1006652_02_CM.txt 51 51 51 (66, 156) (66, 170) 66 66
51 1029902_02_KH.txt 52 52 52 (159, 156) (159, 170) 159 159
52 1007092_02_CM.txt 53 53 53 (144, 156) (144, 170) 144 144
53 1000172_02_KH.txt 54 54 54 (109, 156) (109, 170) 109 109
54 1020682_02_CM.txt 55 55 55 (147, 156) (147, 170) 147 147
55 1026442_02_CM.txt 56 56 56 (172, 156) (172, 170) 172 172
56 1059892_02_CM.txt 57 57 57 (161, 156) (161, 170) 161 161
57 1049042_02_CM.txt 58 58 58 (156, 156) (156, 170) 156 156
58 1026392_02_CM.txt 59 59 59 (100, 156) (100, 170) 100 100
59 1058502_02_CM.txt 60 60 60 (132, 156) (132, 170) 132 132
60 1004532_02_CM.txt 61 61 61 (118, 156) (118, 170) 118 118
61 1047172_02_CM.txt 62 62 62 (138, 156) (138, 170) 138 138
63 1004042_02_KH.txt 63 63 63 (124, 156) (124, 170) 124 124
64 1048582_02_CM.txt 64 64 64 (123, 156) (123, 170) 123 123
65 1044882_02_KH.txt 65 65 65 (194, 156) (194, 170) 194 194
66 1011352_02_KH.txt 66 66 66 (93, 156) (93, 170) 93 93
67 1026122_02_KH.txt 67 67 67 (95, 156) (95, 170) 95 95
68 1030372_02_KH.txt 68 68 68 (120, 156) (120, 170) 120 120
69 1006372_02_KH.txt 69 69 69 (104, 156) (104, 170) 104 104
70 1047042_02_CM.txt 70 70 70 (105, 156) (105, 170) 105 105
71 1111182_02_CM.txt 71 71 71 (50, 156) (50, 170) 50 50
72 1006402_02_KH.txt 72 72 72 (112, 156) (112, 170) 112 112
73 1079072_02_CM.txt 73 73 73 (92, 156) (92, 170) 92 92
74 1048132_02_KH.txt 74 74 74 (129, 156) (129, 170) 129 129
75 1050392_02_CM.txt 75 75 75 (121, 156) (121, 170) 121 121
76 1041762_02_KH.txt 76 76 76 (147, 156) (147, 170) 147 147
77 1105682_02_CM.txt 77 77 77 (81, 156) (81, 170) 81 81
78 1020192_02_CM.txt 78 78 78 (222, 156) (222, 170) 222 222
79 1079252_02_KH.txt 79 79 79 (133, 156) (133, 170) 133 133
80 1016222_02_KH.txt 80 80 80 (122, 156) (122, 170) 122 122
81 1007762_02_KH.txt 81 81 81 (140, 156) (140, 170) 140 140
82 1001252_02_CM.txt 82 82 82 (120, 156) (120, 170) 120 120
83 1075962_02_CM.txt 83 83 83 (221, 156) (221, 170) 221 221
84 1020132_02_KH.txt 84 84 84 (140, 156) (140, 170) 140 140
85 1029722_02_KH.txt 85 85 85 (179, 156) (179, 170) 179 179
86 1036282_02_CM.txt 86 86 86 (150, 156) (150, 170) 150 150
87 1052442_02_KH.txt 87 87 87 (124, 156) (124, 170) 124 124
88 1057292_02_KH.txt 88 88 88 (172, 156) (172, 170) 172 172
89 1026182_02_CM.txt 89 89 89 (128, 156) (128, 170) 128 128
90 1016322_02_CM.txt 90 90 90 (154, 156) (154, 170) 154 154
91 1011402_02_KH.txt 91 91 91 (107, 156) (107, 170) 107 107
92 1011312_02_KH.txt 92 92 92 (118, 156) (118, 170) 118 118
93 1066612_02_CM.txt 93 93 93 (180, 156) (180, 170) 180 180
94 1022442_02_CM.txt 94 94 94 (207, 156) (207, 170) 207 207
95 1039062_02_KH.txt 95 95 95 (158, 156) (158, 170) 158 158
96 1056312_02_CM.txt 96 96 96 (119, 156) (119, 170) 119 119
97 1039282_02_KH.txt 97 97 97 (154, 156) (154, 170) 154 154
98 1016192_02_CM.txt 98 98 98 (71, 156) (71, 170) 71 71
99 1105372_02_KH.txt 99 99 99 (145, 156) (145, 170) 145 145
100 1047022_02_CM.txt 100 100 100 (150, 156) (150, 170) 150 150
101 1035422_02_CM.txt 101 101 101 (225, 156) (225, 170) 225 225
102 1070112_02_KH.txt 102 102 102 (176, 156) (176, 170) 176 176
103 1013792_02_KH.txt 103 103 103 (209, 156) (209, 170) 209 209
104 1109062_02_KH.txt 104 104 104 (260, 156) (260, 170) 260 260
105 1057382_02_CM.txt 105 105 105 (117, 156) (117, 170) 117 117
106 1021082_02_CM.txt 106 106 106 (110, 156) (110, 170) 110 110
107 1026192_02_CM.txt 107 107 107 (92, 156) (92, 170) 92 92
108 1047102_02_CM.txt 108 108 108 (91, 156) (91, 170) 91 91
109 1024252_02_KH.txt 109 109 109 (104, 156) (104, 170) 104 104
110 1016292_02_CM.txt 110 110 110 (148, 156) (148, 170) 148 148
111 1026902_02_KH.txt 111 111 111 (155, 156) (155, 170) 155 155
112 1008132_02_CM.txt 112 112 112 (154, 156) (154, 170) 154 154
113 1024022_02_KH.txt 113 113 113 (178, 156) (178, 170) 178 178
114 1078142_02_KH.txt 114 114 114 (96, 156) (96, 170) 96 96
115 1057362_02_CM.txt 115 115 115 (72, 156) (72, 170) 72 72
116 1021332_02_CM.txt 116 116 116 (193, 156) (193, 170) 193 193
117 1016272_02_CM.txt 117 117 117 (32, 156) (32, 170) 32 32
118 1047072_02_KH.txt 118 118 118 (135, 156) (135, 170) 135 135
119 1008192_02_CM.txt 119 119 119 (132, 156) (132, 170) 132 132
120 1012242_02_CM.txt 120 120 120 (112, 156) (112, 170) 112 112
121 1082892_02_CM.txt 121 121 121 (120, 156) (120, 170) 120 120
122 1023382_02_CM.txt 122 122 122 (261, 156) (261, 170) 261 261
